%YAML:1.0
---
ArmTipToMarkerTagTransform: !!opencv-matrix
   rows: 4
   cols: 4
   dt: d
   data: [ -1.4578313152927569e-02, 1.2207264886398660e-02,
       9.9981921139254382e-01, 1.1084512959479195e-01,
       2.5542632115801080e-02, -9.9959461486114742e-01,
       1.2576958503175681e-02, 8.6497485136105196e-02,
       9.9956742980661983e-01, 2.5721365138480771e-02,
       1.4260597645292750e-02, 7.3113530094729096e-02, 0., 0., 0., 1. ]
