%YAML:1.0
---
ArmTipToMarkerTagTransform: !!opencv-matrix
   rows: 4
   cols: 4
   dt: d
   data: [ -1.9832319796388553e-02, 4.0333700357592810e-02,
       9.9898942522278877e-01, 2.8078168988075011e-02,
       7.0445041200922473e-02, -9.9664627954382135e-01,
       4.1637598894022576e-02, 7.1718155957888038e-02,
       9.9731849238931403e-01, 7.1199621395925228e-02,
       1.6924498556317613e-02, 8.3232491322641641e-02, 0., 0., 0., 1. ]
