%YAML:1.0
---
frameCount: 39
T1_0: !!opencv-matrix
   rows: 4
   cols: 4
   dt: d
   data: [ 3.9153060711079579e-01, -3.2436399269269967e-01,
       8.6109917195402164e-01, 2.5425601302026485e-01,
       5.1762183503835979e-01, 8.5134356701828884e-01,
       8.5333268940650464e-02, -5.2463294819132367e-01,
       -7.6077028043094097e-01, 4.1231314694177112e-01,
       5.0122494877250556e-01, 6.3660127409657452e-01, 0., 0., 0., 1. ]
T2_0: !!opencv-matrix
   rows: 4
   cols: 4
   dt: d
   data: [ -8.4117428149973894e-01, -3.7573251951016062e-01,
       -3.8890988921078462e-01, 4.2539860575033939e-01,
       -1.2228349973091812e-01, 8.3272183184969661e-01,
       -5.4001953340082454e-01, 5.0101869853622683e-01,
       5.2675665523746029e-01, -4.0669328067160443e-01,
       -7.4641007604373288e-01, 6.2160153669386875e-01, 0., 0., 0., 1. ]
T1_1: !!opencv-matrix
   rows: 4
   cols: 4
   dt: d
   data: [ 5.1677026742178844e-01, -9.5557991146319882e-02,
       8.5077444780440670e-01, 1.1737125041873767e-01,
       3.9883645505226517e-01, 9.0619884261434980e-01,
       -1.4047469439637625e-01, -4.0151955720589411e-01,
       -7.5754734032280491e-01, 4.1191301020056725e-01,
       5.0640862867584668e-01, 6.3327309598408021e-01, 0., 0., 0., 1. ]
T2_1: !!opencv-matrix
   rows: 4
   cols: 4
   dt: d
   data: [ -8.4104868808272881e-01, -1.4907812163080317e-01,
       -5.2001232478216541e-01, 5.3448722244188829e-01,
       1.0039998916011822e-01, 9.0155980472423880e-01,
       -4.2084410496315688e-01, 4.0099901479009903e-01,
       5.3156085865211045e-01, -4.0615961413787055e-01,
       -7.4328824919569869e-01, 6.2118312596796610e-01, 0., 0., 0., 1. ]
T1_2: !!opencv-matrix
   rows: 4
   cols: 4
   dt: d
   data: [ 1.8364192644354715e-01, -2.0430949849916011e-01,
       9.6152653196629190e-01, 4.3026240285504846e-01,
       4.9796548555780873e-01, 8.6269951431049074e-01,
       8.8203872940020106e-02, -5.0744953609168353e-01,
       -8.4752936117002975e-01, 4.6260909722082333e-01,
       2.6016687937409766e-01, 7.3129829263437773e-01, 0., 0., 0., 1. ]
T2_2: !!opencv-matrix
   rows: 4
   cols: 4
   dt: d
   data: [ -9.5034507544356450e-01, -2.5494251748550184e-01,
       -1.7846162152776801e-01, 2.4621511264193241e-01,
       -1.2748285636265105e-01, 8.4207464037823010e-01,
       -5.2407864044005281e-01, 4.8567664146154610e-01,
       2.8388793372347726e-01, -4.7530475782389242e-01,
       -8.3276228797669849e-01, 6.9201149278392338e-01, 0., 0., 0., 1. ]
T1_3: !!opencv-matrix
   rows: 4
   cols: 4
   dt: d
   data: [ 3.1147109643929771e-01, 2.3108607932251279e-02,
       9.4997460404072653e-01, 2.9121982681000835e-01,
       4.3349172294908078e-01, 8.8616679306812507e-01,
       -1.6368671600955328e-01, -4.3041672487718713e-01,
       -8.4561852050291508e-01, 4.6278980877152887e-01,
       2.6599795239751878e-01, 7.2906324402853739e-01, 0., 0., 0., 1. ]
T2_3: !!opencv-matrix
   rows: 4
   cols: 4
   dt: d
   data: [ -9.4984361670303596e-01, -2.9108093231255891e-02,
       -3.1136766485448847e-01, 3.5638324947715710e-01,
       1.2293360761652060e-01, 8.8074773778904580e-01,
       -4.5735188913774660e-01, 4.3079672012422421e-01,
       2.8754900786976106e-01, -4.7269032282025703e-01,
       -8.3299425375280811e-01, 6.9554556485435248e-01, 0., 0., 0., 1. ]
T1_4: !!opencv-matrix
   rows: 4
   cols: 4
   dt: d
   data: [ 4.1814936797340041e-01, 2.4876470418635926e-01,
       8.7365166285798324e-01, 1.7688233942979664e-01,
       3.3848968508846428e-01, 8.4983279551296009e-01,
       -4.0399127807335100e-01, -3.2013839016661844e-01,
       -8.4295660573493236e-01, 4.6465077383094988e-01,
       2.7115275994564658e-01, 7.2606561486716992e-01, 0., 0., 0., 1. ]
T2_4: !!opencv-matrix
   rows: 4
   cols: 4
   dt: d
   data: [ -8.8388146032683346e-01, 1.9549558062436678e-01,
       -4.2489415393347768e-01, 4.4963792901306748e-01,
       3.6366518777138301e-01, 8.5852534855587581e-01,
       -3.6149945655590765e-01, 3.5039982391302926e-01,
       2.9411085545030263e-01, -4.7404187984117352e-01,
       -8.2992957584540705e-01, 6.9369765573179132e-01, 0., 0., 0., 1. ]
T1_5: !!opencv-matrix
   rows: 4
   cols: 4
   dt: d
   data: [ 9.0674271675093787e-02, 1.5025954993447829e-01,
       9.8447968191815893e-01, 4.8350383016927401e-01,
       4.7232759459428619e-01, 8.6380608811820092e-01,
       -1.7534447671571088e-01, -4.6363709095562766e-01,
       -8.7674672502437501e-01, 4.8089615280579956e-01,
       7.3532561232576565e-03, 7.7590552792585399e-01, 0., 0., 0., 1. ]
T2_5: !!opencv-matrix
   rows: 4
   cols: 4
   dt: d
   data: [ -9.9066910382151274e-01, 1.0009066460117029e-01,
       -9.2501813999385202e-02, 1.7042058823322206e-01,
       1.3313726948268109e-01, 8.5584277554274479e-01,
       -4.9980757399822073e-01, 4.6431916095192982e-01,
       2.9140936981792043e-02, -5.0745936035409478e-01,
       -8.6118279324475377e-01, 7.1485514815773843e-01, 0., 0., 0., 1. ]
T1_6: !!opencv-matrix
   rows: 4
   cols: 4
   dt: d
   data: [ 2.1534949504449996e-01, 3.6584803135868665e-01,
       9.0541692768307147e-01, 3.5361626260352613e-01,
       4.3259078221708008e-01, 7.9549686469065306e-01,
       -4.2432293528414844e-01, -4.0192569958302460e-01,
       -8.7549403774377232e-01, 4.8305274682824673e-01,
       1.3047362062581946e-02, 7.7416833995092704e-01, 0., 0., 0., 1. ]
T2_6: !!opencv-matrix
   rows: 4
   cols: 4
   dt: d
   data: [ -9.2252125584515898e-01, 3.1641851181584651e-01,
       -2.2098384079863465e-01, 2.7599066101240954e-01,
       3.8456353650625935e-01, 8.0204510492823977e-01,
       -4.5698417483589948e-01, 4.3010376964949404e-01,
       3.2640755255818429e-02, -5.0655994219923672e-01,
       -8.6158667936281152e-01, 7.1723001961770461e-01, 0., 0., 0., 1. ]
T1_7: !!opencv-matrix
   rows: 4
   cols: 4
   dt: d
   data: [ 1.2115986447592153e-02, 4.8299853688025485e-01,
       8.7553733001165335e-01, 5.3521638776494029e-01,
       5.2852252912058539e-01, 7.4020055547087626e-01,
       -4.1565258797773186e-01, -4.8712599486323538e-01,
       -8.4883280985384957e-01, 4.6777724512008845e-01,
       -2.4630734837490920e-01, 7.7006535259219777e-01, 0., 0., 0., 1. ]
T2_7: !!opencv-matrix
   rows: 4
   cols: 4
   dt: d
   data: [ -8.9828309604014134e-01, 4.3900921198349890e-01,
       -1.8931221887818123e-02, 1.0568386063370158e-01,
       3.7514102107652963e-01, 7.4373960924578775e-01,
       -5.5328167143380214e-01, 5.0899611157862390e-01,
       -2.2881585101167548e-01, -5.0410545070704227e-01,
       -8.3277908288648339e-01, 6.8957224547946683e-01, 0., 0., 0., 1. ]
T1_8: !!opencv-matrix
   rows: 4
   cols: 4
   dt: d
   data: [ 2.5114642980440705e-01, -6.5939282757067963e-01,
       7.0860889759079637e-01, 4.2714521100794411e-01,
       4.6925641326366663e-01, 7.2323350704267497e-01,
       5.0668699697315300e-01, -4.9942185066287886e-01,
       -8.4659546975365918e-01, 2.0526663937205425e-01,
       4.9106182640629281e-01, 7.3626500421881669e-01, 0., 0., 0., 1. ]
T2_8: !!opencv-matrix
   rows: 4
   cols: 4
   dt: d
   data: [ -6.7208523700826928e-01, -7.0024872547459338e-01,
       -2.4073461875423516e-01, 3.0295553113420381e-01,
       -5.3695111264906525e-01, 6.8475308093763376e-01,
       -4.9274407228433448e-01, 4.6034693925697356e-01,
       5.0988718048257520e-01, -2.0190329521240138e-01,
       -8.3621176896878491e-01, 6.9087114008154149e-01, 0., 0., 0., 1. ]
T1_9: !!opencv-matrix
   rows: 4
   cols: 4
   dt: d
   data: [ 3.6906877470293198e-01, -4.5104422589277426e-01,
       8.1261758892363656e-01, 2.9027057319897043e-01,
       3.8825051474809547e-01, 8.6922162777041390e-01,
       3.0612954711035484e-01, -4.2184146382325222e-01,
       -8.4442274799836803e-01, 2.0251634034057606e-01,
       4.9592071398354054e-01, 7.3407829507741773e-01, 0., 0., 0., 1. ]
T2_9: !!opencv-matrix
   rows: 4
   cols: 4
   dt: d
   data: [ -7.8724423078905437e-01, -4.9808240129656728e-01,
       -3.6353877730992512e-01, 4.0536589137703677e-01,
       -3.4548345945532960e-01, 8.4459337040655591e-01,
       -4.0902716035499637e-01, 3.9013842945062155e-01,
       5.1077167142680069e-01, -1.9640763779430676e-01,
       -8.3698048930899982e-01, 6.9522205152470318e-01, 0., 0., 0., 1. ]
T1_10: !!opencv-matrix
   rows: 4
   cols: 4
   dt: d
   data: [ 4.6211564748551848e-01, -2.1190727571730167e-01,
       8.6112974332972114e-01, 1.7815146587705691e-01,
       2.7953253908990483e-01, 9.5633712710449992e-01,
       8.5327949181159185e-02, -3.1157028175092349e-01,
       -8.4161195805370470e-01, 2.0128240315433224e-01,
       5.0117332953921845e-01, 7.3118265511661784e-01, 0., 0., 0., 1. ]
T2_10: !!opencv-matrix
   rows: 4
   cols: 4
   dt: d
   data: [ -8.4658563386824404e-01, -2.6328749887665548e-01,
       -4.6257157009826971e-01, 4.8706690593495550e-01,
       -1.2959013055656388e-01, 9.4489156440873834e-01,
       -3.0064319312357579e-01, 2.9852026886625316e-01,
       5.1623556889295807e-01, -1.9457549805790580e-01,
       -8.3405108534506534e-01, 6.9493781858003534e-01, 0., 0., 0., 1. ]
T1_11: !!opencv-matrix
   rows: 4
   cols: 4
   dt: d
   data: [ 6.0202884191149941e-02, -6.0826190438042704e-01,
       7.9144997846646215e-01, 5.9478657725819539e-01,
       3.3385536499419022e-01, 7.5949507037793340e-01,
       5.5830800937852754e-01, -3.7984996664232629e-01,
       -9.4069985011142809e-01, 2.3061806900395776e-01,
       2.4879529386470067e-01, 8.4013340040083095e-01, 0., 0., 0., 1. ]
T2_11: !!opencv-matrix
   rows: 4
   cols: 4
   dt: d
   data: [ -7.6085586968008112e-01, -6.4765613554713841e-01,
       -4.0495378273500929e-02, 1.3485440135823398e-01,
       -5.9320388649123590e-01, 7.1947110019719229e-01,
       -3.6120698364336024e-01, 3.4872054549092490e-01,
       2.6307317351843434e-01, -2.5080443789771423e-01,
       -9.3160594636667682e-01, 7.6862562317343930e-01, 0., 0., 0., 1. ]
T1_12: !!opencv-matrix
   rows: 4
   cols: 4
   dt: d
   data: [ 1.1834918445624787e-01, -4.2955662893564056e-01,
       8.9525112291244269e-01, 4.9268106046346094e-01,
       3.2606804003972750e-01, 8.6840386136129832e-01,
       3.7356976167435935e-01, -3.4567244783437989e-01,
       -9.3790889952233192e-01, 2.4770110235975001e-01,
       2.4283957685388291e-01, 8.4161962817926095e-01, 0., 0., 0., 1. ]
T2_12: !!opencv-matrix
   rows: 4
   cols: 4
   dt: d
   data: [ -8.7429723683932892e-01, -4.7477056464366324e-01,
       -1.0098144682589771e-01, 2.0760439595906402e-01,
       -4.1220982165854309e-01, 8.3608609434145431e-01,
       -3.6199876488336924e-01, 3.2565128232501561e-01,
       2.5629554148160000e-01, -2.7486897568985469e-01,
       -9.2669285182301020e-01, 7.7061101905082563e-01, 0., 0., 0., 1. ]
T1_13: !!opencv-matrix
   rows: 4
   cols: 4
   dt: d
   data: [ 2.2740645358011946e-01, -1.5292849202171743e-01,
       9.6171678845597608e-01, 3.8192399951788264e-01,
       2.5918390785252410e-01, 9.6147412200042792e-01,
       9.1603573258910595e-02, -2.9132383761626984e-01,
       -9.3867460111606693e-01, 2.2843027174932357e-01,
       2.5828202447735871e-01, 8.3725453770213676e-01, 0., 0., 0., 1. ]
T2_13: !!opencv-matrix
   rows: 4
   cols: 4
   dt: d
   data: [ -9.5367131524157323e-01, -2.0254171874467836e-01,
       -2.2245870325379466e-01, 2.8592583562638518e-01,
       -1.3587961147098426e-01, 9.4969638347113583e-01,
       -2.8215866176380228e-01, 2.8111096824394866e-01,
       2.6841712626414627e-01, -2.3885901990462285e-01,
       -9.3321948915477582e-01, 7.7737010657985783e-01, 0., 0., 0., 1. ]
T1_14: !!opencv-matrix
   rows: 4
   cols: 4
   dt: d
   data: [ 2.9489469195521156e-01, 1.0291041009425116e-01,
       9.4997187755789603e-01, 2.9953609468921993e-01,
       1.8931237670116097e-01, 9.6818352387151807e-01,
       -1.6365050605325768e-01, -2.0954420546172436e-01,
       -9.3658846068291846e-01, 2.2810109951063948e-01,
       2.6602996770596865e-01, 8.3524875430320866e-01, 0., 0., 0., 1. ]
T2_14: !!opencv-matrix
   rows: 4
   cols: 4
   dt: d
   data: [ -9.5468728326041852e-01, 5.1292035166869414e-02,
       -2.9315749744682007e-01, 3.4100465826831788e-01,
       1.1659668291276556e-01, 9.7075482392639367e-01,
       -2.0985777411708229e-01, 2.2125014351014316e-01,
       2.7382002248663573e-01, -2.3452974001622262e-01,
       -9.3274776672653648e-01, 7.7776302280468312e-01, 0., 0., 0., 1. ]
T1_15: !!opencv-matrix
   rows: 4
   cols: 4
   dt: d
   data: [ 3.3934993536696745e-01, 3.4842341561382062e-01,
       8.7375210718969587e-01, 2.4143890381595356e-01,
       1.0669071760529696e-01, 9.0862052223469880e-01,
       -4.0376458159527806e-01, -1.0886347020339344e-01,
       -9.3459013056168194e-01, 2.3023872399303724e-01,
       2.7116677125111810e-01, 8.3268767004445698e-01, 0., 0., 0., 1. ]
T2_15: !!opencv-matrix
   rows: 4
   cols: 4
   dt: d
   data: [ -8.8956533681222449e-01, 2.9907419917060174e-01,
       -3.4529427295079368e-01, 3.8254877832847162e-01,
       3.5852385252450258e-01, 9.2551122062241120e-01,
       -1.2202306205387295e-01, 1.4798307438453745e-01,
       2.8307977446851035e-01, -2.3234371928777811e-01,
       -9.3052793477379270e-01, 7.7592642470715911e-01, 0., 0., 0., 1. ]
T1_16: !!opencv-matrix
   rows: 4
   cols: 4
   dt: d
   data: [ 3.0144924772084036e-01, 1.5623434928559671e-01,
       9.4059511967256426e-01, 3.0470413070416702e-01,
       1.0978280667940726e-01, 9.7423625229315247e-01,
       -1.9700624374720951e-01, -1.1844227549322330e-01,
       -9.4714100661207323e-01, 1.6264855616051191e-01,
       2.7653093999183798e-01, 9.1983357897831231e-01, 0., 0., 0., 1. ]
T2_16: !!opencv-matrix
   rows: 4
   cols: 4
   dt: d
   data: [ -9.4651461609705212e-01, 1.0455406971406772e-01,
       -3.0525158152068022e-01, 3.3740749814198767e-01,
       1.4904417678599674e-01, 9.8074036570434786e-01,
       -1.2623061611307551e-01, 1.3648188469658487e-01,
       2.8617462305528629e-01, -1.6497509383033537e-01,
       -9.4386826598569207e-01, 8.6231678616689511e-01, 0., 0., 0., 1. ]
T1_17: !!opencv-matrix
   rows: 4
   cols: 4
   dt: d
   data: [ -1.8755578485334157e-02, -8.3309156840552942e-02,
       9.9634723498497091e-01, 6.0597569089186787e-01,
       2.3563869920704139e-01, 9.6808284175576376e-01,
       8.5381584279623210e-02, -2.7133167037751060e-01,
       -9.7165973041579434e-01, 2.3637934741554956e-01,
       1.4739076310876786e-03, 8.8711803205950956e-01, 0., 0., 0., 1. ]
T2_17: !!opencv-matrix
   rows: 4
   cols: 4
   dt: d
   data: [ -9.9076287627892023e-01, -1.3042745960804042e-01,
       3.7116044612999874e-02, 6.5139097177674979e-02,
       -1.3560564026759503e-01, 9.5329669572521403e-01,
       -2.6988241929959839e-01, 2.7048805484147598e-01,
       -1.8252434584381180e-04, -2.7242262699633008e-01,
       -9.6217767537252796e-01, 7.9637866238667410e-01, 0., 0., 0., 1. ]
T1_18: !!opencv-matrix
   rows: 4
   cols: 4
   dt: d
   data: [ 4.8920391961779441e-02, 1.6880573457676812e-01,
       9.8443456827983422e-01, 5.2100176486414285e-01,
       2.3251244495884116e-01, 9.5661191736459983e-01,
       -1.7558930062872818e-01, -2.4793362858436790e-01,
       -9.7136232075861761e-01, 2.3748318578379762e-01,
       7.5483958832680553e-03, 8.8631322075925900e-01, 0., 0., 0., 1. ]
T2_18: !!opencv-matrix
   rows: 4
   cols: 4
   dt: d
   data: [ -9.9195108370245166e-01, 1.1923403667186322e-01,
       -4.2617977902111484e-02, 1.2912971033409690e-01,
       1.2627265919914560e-01, 9.5647465564852219e-01,
       -2.6308068846043653e-01, 2.6497994440876577e-01,
       9.3948432828077078e-03, -2.6634465941890706e-01,
       -9.6383207008208549e-01, 7.9850525733085553e-01, 0., 0., 0., 1. ]
T1_19: !!opencv-matrix
   rows: 4
   cols: 4
   dt: d
   data: [ -1.1337357110146207e-01, 4.6961494680155191e-01,
       8.7556166836852645e-01, 6.5372188213165972e-01,
       3.1898365199517853e-01, 8.5179583859166275e-01,
       -4.1556380871984611e-01, -3.0118681549083337e-01,
       -9.4095476147130508e-01, 2.3217590550809009e-01,
       -2.4637062683278188e-01, 8.7737171922077006e-01, 0., 0., 0., 1. ]
T2_19: !!opencv-matrix
   rows: 4
   cols: 4
   dt: d
   data: [ -8.9688607669018694e-01, 4.2867517550386425e-01,
       1.0877940681036670e-01, -3.4644193909500707e-04,
       3.6892263614710308e-01, 8.6082285683394622e-01,
       -3.5054257614520329e-01, 3.3748655215015017e-01,
       -2.4390870008582360e-01, -2.7426557031274384e-01,
       -9.3020801058874403e-01, 7.6719826621546117e-01, 0., 0., 0., 1. ]
T1_20: !!opencv-matrix
   rows: 4
   cols: 4
   dt: d
   data: [ 4.1313048175712219e-01, -5.7198390299362201e-01,
       7.0863080638602693e-01, 2.6769611153608153e-01,
       2.6589404449933673e-01, 8.1999654299258407e-01,
       5.0685898096018378e-01, -3.1807572503119752e-01,
       -8.7098998969156516e-01, -2.0978183820197643e-02,
       4.9085268020119155e-01, 7.7941671925099099e-01, 0., 0., 0., 1. ]
T2_20: !!opencv-matrix
   rows: 4
   cols: 4
   dt: d
   data: [ -6.7829547656131428e-01, -6.1390831079954589e-01,
       -4.0377200547797698e-01, 4.4180242263535840e-01,
       -5.4486711621207273e-01, 7.8890656274432969e-01,
       -2.8415886565382131e-01, 2.8603501907505491e-01,
       4.9298587418626805e-01, 2.7258415034169398e-02,
       -8.6961020386298715e-01, 7.2223753319763873e-01, 0., 0., 0., 1. ]
T1_21: !!opencv-matrix
   rows: 4
   cols: 4
   dt: d
   data: [ 4.7322720776791660e-01, -3.4009961275065659e-01,
       8.1264276483276121e-01, 1.8292847999592995e-01,
       1.5008371388293204e-01, 9.4011137925483956e-01,
       3.0604815539824665e-01, -2.0554540011658007e-01,
       -8.6806156962238989e-01, -2.2865869815438700e-02,
       4.9592969596737813e-01, 7.7651108123894075e-01, 0., 0., 0., 1. ]
T2_21: !!opencv-matrix
   rows: 4
   cols: 4
   dt: d
   data: [ -7.9176613241356697e-01, -3.8730646155880516e-01,
       -4.7233472918859126e-01, 4.9653599724266373e-01,
       -3.5179457910417528e-01, 9.2128863851746634e-01,
       -1.6573418069773460e-01, 1.8460038546974750e-01,
       4.9934653866406059e-01, 3.4942085991408536e-02,
       -8.6569745578394253e-01, 7.1872753740058348e-01, 0., 0., 0., 1. ]
T1_22: !!opencv-matrix
   rows: 4
   cols: 4
   dt: d
   data: [ 4.5566435632384827e-01, 4.2450200311527780e-01,
       7.8241168429867514e-01, 1.3270515375650924e-01,
       -2.3223467850942242e-01, 9.0521610363948712e-01,
       -3.5588040099079699e-01, 2.0459543673880068e-01,
       -8.5932359939291680e-01, -1.9541112119374038e-02,
       5.1105879941895127e-01, 7.6684127678773750e-01, 0., 0., 0., 1. ]
T2_22: !!opencv-matrix
   rows: 4
   cols: 4
   dt: d
   data: [ -7.9457067226390743e-01, 3.7973928162936044e-01,
       -4.7376737410431652e-01, 4.8772507586383052e-01,
       3.0607162309553904e-01, 9.2439876871793891e-01,
       2.2761168231973694e-01, -1.4485047746849031e-01,
       5.2438307401530837e-01, 3.5846818274092709e-02,
       -8.5072756938157323e-01, 7.0105741054070692e-01, 0., 0., 0., 1. ]
T1_23: !!opencv-matrix
   rows: 4
   cols: 4
   dt: d
   data: [ 2.1561851775007923e-01, -5.7188017174077366e-01,
       7.9149335055514025e-01, 4.4618270510543973e-01,
       1.2577381376569097e-01, 8.2007283376965523e-01,
       5.5826650901145847e-01, -1.9092727756435102e-01,
       -9.6834374195018791e-01, -2.0823459913057063e-02,
       2.4875043908133554e-01, 8.8860114416740932e-01, 0., 0., 0., 1. ]
T2_23: !!opencv-matrix
   rows: 4
   cols: 4
   dt: d
   data: [ -7.6530874635628532e-01, -6.1490561482846928e-01,
       -1.9024617631635371e-01, 2.6178372112401255e-01,
       -6.0013919394011750e-01, 7.8851976183289874e-01,
       -1.3442296342476157e-01, 1.5987863612887834e-01,
       2.3267030461035876e-01, 1.1299117284584881e-02,
       -9.7249003043790228e-01, 8.0819251958176408e-01, 0., 0., 0., 1. ]
T1_24: !!opencv-matrix
   rows: 4
   cols: 4
   dt: d
   data: [ 2.4683449355145104e-01, -3.4019431880041712e-01,
       9.0738115378771167e-01, 3.8754435247713531e-01,
       6.5830270586792083e-02, 9.4007764137946803e-01,
       3.3454506968850400e-01, -1.2874756988039454e-01,
       -9.6681906697565112e-01, -2.2844115967496137e-02,
       2.5443867256766439e-01, 8.8698440564059489e-01, 0., 0., 0., 1. ]
T2_24: !!opencv-matrix
   rows: 4
   cols: 4
   dt: d
   data: [ -8.9205783791270488e-01, -3.8742322773485899e-01,
       -2.3267156343226436e-01, 2.9541864726424799e-01,
       -3.8043017878306579e-01, 9.2167154634940984e-01,
       -7.6121217285144399e-02, 1.0889259160161455e-01,
       2.4393788735986710e-01, 2.0610755963602637e-02,
       -9.6957181469399889e-01, 8.0585665803277073e-01, 0., 0., 0., 1. ]
T1_25: !!opencv-matrix
   rows: 4
   cols: 4
   dt: d
   data: [ 2.6125488110061512e-01, -8.5218882859055850e-02,
       9.6150071716320518e-01, 3.4699066529899258e-01,
       -3.3006297685409663e-04, 9.9608730774420229e-01,
       8.8374014333050283e-02, -5.3638386505732910e-02,
       -9.6526979552844938e-01, -2.3405498395919329e-02,
       2.6020454355238265e-01, 8.8511057887123779e-01, 0., 0., 0., 1. ]
T2_25: !!opencv-matrix
   rows: 4
   cols: 4
   dt: d
   data: [ -9.5773346044309848e-01, -1.3442658645867514e-01,
       -2.5431498501023536e-01, 3.1107381712287985e-01,
       -1.3807089894350807e-01, 9.9041598126545172e-01,
       -3.5511855659710271e-03, 4.7307008839280656e-02,
       2.5235499918293575e-01, 3.1712409354394969e-02,
       -9.6711492464976456e-01, 8.0436833083533710e-01, 0., 0., 0., 1. ]
T1_26: !!opencv-matrix
   rows: 4
   cols: 4
   dt: d
   data: [ 2.5811680198823239e-01, 1.7543360405015773e-01,
       9.5005198126278334e-01, 3.2725216334139401e-01,
       -6.7621169371574488e-02, 9.8424377293964960e-01,
       -1.6337555778740073e-01, 2.9401804456555845e-02,
       -9.6374430944321976e-01, -2.2073649437643061e-02,
       2.6591288050095574e-01, 8.8308839284226792e-01, 0., 0., 0., 1. ]
T2_26: !!opencv-matrix
   rows: 4
   cols: 4
   dt: d
   data: [ -9.5808445207917958e-01, 1.2748310452580497e-01,
       -2.5655845482969536e-01, 3.1112779625395132e-01,
       1.1309336613920994e-01, 9.9110525753840528e-01,
       7.0144557985876266e-02, -1.4743583575681622e-02,
       2.6321867946527039e-01, 3.8189351136069825e-02,
       -9.6398003103817720e-01, 8.0015267396996714e-01, 0., 0., 0., 1. ]
T1_27: !!opencv-matrix
   rows: 4
   cols: 4
   dt: d
   data: [ 2.3780587824922739e-01, 4.2444271844482900e-01,
       8.7366855444686653e-01, 3.2969591171400442e-01,
       -1.3208665925052604e-01, 9.0524765571466459e-01,
       -4.0383139584626093e-01, 1.1467995841074011e-01,
       -9.6228970623100252e-01, -1.9366480895291388e-02,
       2.7133643452286915e-01, 8.8120566490779684e-01, 0., 0., 0., 1. ]
T2_27: !!opencv-matrix
   rows: 4
   cols: 4
   dt: d
   data: [ -8.9172996616475797e-01, 3.8032140383139229e-01,
       -2.4530246071232026e-01, 2.9770094049242163e-01,
       3.5621641083118022e-01, 9.2416868265876295e-01,
       1.3792068244943748e-01, -7.0553109433067265e-02,
       2.7915503953601167e-01, 3.5607243371057883e-02,
       -9.5958563355292226e-01, 7.9414186848431056e-01, 0., 0., 0., 1. ]
T1_28: !!opencv-matrix
   rows: 4
   cols: 4
   dt: d
   data: [ 3.4655785738321176e-03, -5.7184455235795040e-01,
       8.2035467799219863e-01, 6.4240651293510964e-01,
       -2.2961520846848771e-02, 8.2009780851399949e-01,
       5.7176249704832438e-01, -5.2845633913840409e-02,
       -9.9973034280527284e-01, -2.0818078899619230e-02,
       -1.0288307216491210e-02, 9.3739662375891653e-01, 0., 0., 0., 1. ]
T2_28: !!opencv-matrix
   rows: 4
   cols: 4
   dt: d
   data: [ -7.8744911558314890e-01, -6.1104341904639148e-01,
       8.0931022527907001e-02, 3.4559454558267880e-02,
       -6.0851774037385897e-01, 7.9157905189165634e-01,
       5.5756293425936673e-02, 5.4009995813880662e-04,
       -9.8132818249601086e-02, -5.3427190083794630e-03,
       -9.9515898495465960e-01, 8.3132245691577222e-01, 0., 0., 0., 1. ]
T1_29: !!opencv-matrix
   rows: 4
   cols: 4
   dt: d
   data: [ 3.5490628643137789e-03, -3.4018444096925932e-01,
       9.4035203529062339e-01, 6.1248650105015068e-01,
       -2.2986347212213931e-02, 9.4008173958228158e-01,
       3.4017341275559854e-01, -4.6139533519859104e-02,
       -9.9972947940661672e-01, -2.2822555211540113e-02,
       -4.4831884849414472e-03, 9.3719049860876680e-01, 0., 0., 0., 1. ]
T2_29: !!opencv-matrix
   rows: 4
   cols: 4
   dt: d
   data: [ -9.1957231193433264e-01, -3.8572379685148211e-01,
       7.4859305809122534e-02, 3.7459175219449879e-02,
       -3.8292671148510465e-01, 9.2246435115974323e-01,
       4.9261084748891001e-02, 4.2769596061929416e-03,
       -8.8056213607845879e-02, 1.6633501793385689e-02,
       -9.9597662114285557e-01, 8.3281277762115669e-01, 0., 0., 0., 1. ]
T1_30: !!opencv-matrix
   rows: 4
   cols: 4
   dt: d
   data: [ 3.5748426663356758e-03, -8.5209814177055365e-02,
       9.9635661691375477e-01, 5.8534684153148731e-01,
       -2.2967493453548326e-02, 9.9609315555943911e-01,
       8.5269688002831967e-02, -3.2068282927549333e-02,
       -9.9972982087380591e-01, -2.3188639795183874e-02,
       1.6038204628492370e-03, 9.3674714509701507e-01, 0., 0., 0., 1. ]
T2_30: !!opencv-matrix
   rows: 4
   cols: 4
   dt: d
   data: [ -9.8910886064337467e-01, -1.3495586670777734e-01,
       5.8741602275710243e-02, 4.8504852456347752e-02,
       -1.3272268504171350e-01, 9.9032923075991508e-01,
       4.0406726887896330e-02, 1.0991399423520620e-02,
       -6.3626650643289498e-02, 3.2170308416730464e-02,
       -9.9745512209035714e-01, 8.3357556800137600e-01, 0., 0., 0., 1. ]
T1_31: !!opencv-matrix
   rows: 4
   cols: 4
   dt: d
   data: [ 3.5401077310766027e-03, 1.7544608073413359e-01,
       9.8448267653234234e-01, 5.6275979477820481e-01,
       -2.3012495622371093e-02, 9.8424242062473366e-01,
       -1.7532051359722603e-01, -1.1424290920276296e-02,
       -9.9972890959623795e-01, -2.2034749778398810e-02,
       7.5217763673636195e-03, 9.3620241476411570e-01, 0., 0., 0., 1. ]
T2_31: !!opencv-matrix
   rows: 4
   cols: 4
   dt: d
   data: [ -9.8995161865230275e-01, 1.2520159163426048e-01,
       6.5729401183444905e-02, 4.0307381032944414e-02,
       1.2726895710254726e-01, 9.9146579009007019e-01,
       2.8252427136495211e-02, 2.0851079117087831e-02,
       -6.1631203831471228e-02, 3.6333848314221637e-02,
       -9.9743743973292043e-01, 8.3426210583213745e-01, 0., 0., 0., 1. ]
T1_32: !!opencv-matrix
   rows: 4
   cols: 4
   dt: d
   data: [ 3.4953862272834035e-03, 4.2442116274192421e-01,
       9.0545814861423346e-01, 5.4632973711454225e-01,
       -2.2965719393941181e-02, 9.0525893423974213e-01,
       -4.2423912798308094e-01, 1.4300879712636340e-02,
       -9.9973014259241033e-01, -1.9311618159005089e-02,
       1.2911366939248103e-02, 9.3551552838412755e-01, 0., 0., 0., 1. ]
T2_32: !!opencv-matrix
   rows: 4
   cols: 4
   dt: d
   data: [ -9.2467512820574016e-01, 3.7850335949061920e-01,
       4.1365615334642468e-02, 5.7793105460155883e-02,
       3.8004531370498496e-01, 9.2412333051165918e-01,
       3.9517458609054458e-02, 1.1983531491134472e-02,
       -2.3269439369655358e-02, 5.2261619362146385e-02,
       -9.9836228711478703e-01, 8.3285738231427398e-01, 0., 0., 0., 1. ]
T1_33: !!opencv-matrix
   rows: 4
   cols: 4
   dt: d
   data: [ 4.3306786213749349e-01, 2.9765761366078863e-01,
       8.5079502338308588e-01, 1.6025702429523561e-01,
       -3.5869302466058234e-01, 9.2285356943258734e-01,
       -1.4028757409469833e-01, 3.0532357417360284e-01,
       -8.2691688871585134e-01, -2.4442020050580376e-01,
       5.0642593213736486e-01, 7.5725248986992422e-01, 0., 0., 0., 1. ]
T2_33: !!opencv-matrix
   rows: 4
   cols: 4
   dt: d
   data: [ -8.5642760397506890e-01, 2.5197629320506915e-01,
       -4.5059927520154303e-01, 4.6832632623887349e-01,
       8.6148294817862028e-02, 9.3031586455600312e-01,
       3.5649805533185047e-01, -2.5181057537499629e-01,
       5.0902871279476725e-01, 2.6649641614485070e-01,
       -8.1845551481583478e-01, 6.6943860323383475e-01, 0., 0., 0., 1. ]
T1_34: !!opencv-matrix
   rows: 4
   cols: 4
   dt: d
   data: [ 3.3038448230353290e-01, 5.2804271587892904e-01,
       7.8231514369864474e-01, 2.4063047116917363e-01,
       -4.5847038449738664e-01, 8.1428851581418227e-01,
       -3.5600438136623375e-01, 4.2442435739164525e-01,
       -8.2501575766275226e-01, -2.4105000149417327e-01,
       5.1112023672303764e-01, 7.5481110991078970e-01, 0., 0., 0., 1. ]
T2_34: !!opencv-matrix
   rows: 4
   cols: 4
   dt: d
   data: [ -7.9927379613746008e-01, 4.8633700978226535e-01,
       -3.5304066582202570e-01, 3.8339919749097229e-01,
       3.0701611061493150e-01, 8.3544980762739973e-01,
       4.5581216170503924e-01, -3.3345770064322222e-01,
       5.1662608009167965e-01, 2.5592954470202434e-01,
       -8.1706643641610954e-01, 6.6722308309550382e-01, 0., 0., 0., 1. ]
T1_35: !!opencv-matrix
   rows: 4
   cols: 4
   dt: d
   data: [ 3.5622463297541129e-01, -4.9662045176924285e-01,
       7.9149992908783418e-01, 3.0786135587903440e-01,
       -9.0745234446904716e-02, 8.2467640616921600e-01,
       5.5827782289197414e-01, 1.1175054681045791e-02,
       -9.2998350162070609e-01, -2.7069715918778914e-01,
       2.4870411078418253e-01, 8.7515706161350248e-01, 0., 0., 0., 1. ]
T2_35: !!opencv-matrix
   rows: 4
   cols: 4
   dt: d
   data: [ -7.6707266181317957e-01, -5.3869833444544080e-01,
       -3.4843024547899354e-01, 3.9372822046249267e-01,
       -5.9974714742033086e-01, 7.9496706440955300e-01,
       9.1272809013602310e-02, -3.0423566571687120e-02,
       2.2782205920415105e-01, 2.7898292236222189e-01,
       -9.3288029155418162e-01, 7.6936184894623161e-01, 0., 0., 0., 1. ]
T1_36: !!opencv-matrix
   rows: 4
   cols: 4
   dt: d
   data: [ 3.2631615009486403e-01, -2.6478203028910785e-01,
       9.0741845177582992e-01, 3.0630905398897673e-01,
       -1.7977205851781389e-01, 9.2506190886495654e-01,
       3.3457805030125715e-01, 1.0216644790868976e-01,
       -9.2800850058797080e-01, -2.7230670429334064e-01,
       2.5426223005661952e-01, 8.7304734819198027e-01, 0., 0., 0., 1. ]
T2_36: !!opencv-matrix
   rows: 4
   cols: 4
   dt: d
   data: [ -8.9317148041700056e-01, -3.0975840336881977e-01,
       -3.2602827808658430e-01, 3.7207136220084058e-01,
       -3.8098657493990873e-01, 9.0637156565767207e-01,
       1.8259193487889189e-01, -1.0784613761395473e-01,
       2.3894337464190329e-01, 2.8729830578974830e-01,
       -9.2755902626467912e-01, 7.6339663356380860e-01, 0., 0., 0., 1. ]
T1_37: !!opencv-matrix
   rows: 4
   cols: 4
   dt: d
   data: [ 2.7435630876182959e-01, -1.4705717508682353e-02,
       9.6151565651066684e-01, 3.2836834067849180e-01,
       -2.5793667583639013e-01, 9.6211710833781416e-01,
       8.8313878310012570e-02, 1.9045389526224454e-01,
       -9.2638938201010101e-01, -2.7223962187058215e-01,
       2.6016975455018942e-01, 8.7114962496284820e-01, 0., 0., 0., 1. ]
T2_37: !!opencv-matrix
   rows: 4
   cols: 4
   dt: d
   data: [ -9.5803932013204363e-01, -6.1626496738231500e-02,
       -2.7993362781328096e-01, 3.3097139403072146e-01,
       -1.3804236140333900e-01, 9.5509695978698128e-01,
       2.6217189754787884e-01, -1.7406685459327048e-01,
       2.5120702127751465e-01, 2.8981368550404629e-01,
       -9.2352750914926207e-01, 7.5787134371599674e-01, 0., 0., 0., 1. ]
T1_38: !!opencv-matrix
   rows: 4
   cols: 4
   dt: d
   data: [ 2.0379408327003357e-01, 2.3641446029684512e-01,
       9.5004009104178222e-01, 3.7252910816855722e-01,
       -3.2009610620388246e-01, 9.3316121909141847e-01,
       -1.6355005954425844e-01, 2.6999663490499504e-01,
       -9.2520616860094440e-01, -2.7077359942647500e-01,
       2.6584808337919508e-01, 8.6942903693711193e-01, 0., 0., 0., 1. ]
T2_38: !!opencv-matrix
   rows: 4
   cols: 4
   dt: d
   data: [ -9.5771137459251299e-01, 1.9056398985584413e-01,
       -2.1557896174334998e-01, 2.7367935489651862e-01,
       1.1276905653200933e-01, 9.3789278966415712e-01,
       3.2808574334290347e-01, -2.2841917801521500e-01,
       2.6471128208861727e-01, 2.8990081211719082e-01,
       -9.1972031415468569e-01, 7.5335708316171801e-01, 0., 0., 0., 1. ]
