%YAML:1.0
---
frameCount: 39
T1_0: !!opencv-matrix
   rows: 4
   cols: 4
   dt: d
   data: [ 5.3258158191062643e-01, -7.6958534625561015e-02,
       8.4287261348193121e-01, 1.0259063955904449e-01,
       3.9627232883250452e-01, 9.0263644157007505e-01,
       -1.6797528315611185e-01, -4.8321869592233913e-01,
       -7.4788040488519159e-01, 4.2346763547879174e-01,
       5.1122408168117728e-01, 6.2284115065659540e-01, 0., 0., 0., 1. ]
T2_0: !!opencv-matrix
   rows: 4
   cols: 4
   dt: d
   data: [ 1.5321990848287526e-01, 8.9931165549411940e-01,
       -4.0958784886386190e-01, 4.0402946929953587e-01,
       8.3234584676066481e-01, 1.0596679391290564e-01,
       5.4403256333430228e-01, -4.9121401429529293e-01,
       5.3265753634466784e-01, -4.2427536445125613e-01,
       -7.3230209892842879e-01, 6.1367575372497130e-01, 0., 0., 0., 1. ]
T1_1: !!opencv-matrix
   rows: 4
   cols: 4
   dt: d
   data: [ 2.0262103632434714e-01, -1.8723439157090946e-01,
       9.6119092705451548e-01, 4.1206324757955914e-01,
       5.0486609292708484e-01, 8.6101869853595514e-01,
       6.1294608115151611e-02, -5.9801145598719563e-01,
       -8.3907981971406487e-01, 4.7285313088158909e-01,
       2.6898879672598086e-01, 7.2180348606663702e-01, 0., 0., 0., 1. ]
T2_1: !!opencv-matrix
   rows: 4
   cols: 4
   dt: d
   data: [ -7.4733170446749764e-02, 8.5125767249867290e-01,
       -5.1939900678295448e-01, 4.9280088398064104e-01,
       9.5336355248329818e-01, 2.1372970257614021e-01,
       2.1311393908691317e-01, -2.1770069858041166e-01,
       2.9242587100221318e-01, -4.7924940192853355e-01,
       -8.2753073702415447e-01, 6.9001892674683674e-01, 0., 0., 0., 1. ]
T1_2: !!opencv-matrix
   rows: 4
   cols: 4
   dt: d
   data: [ 3.2892119303667755e-01, 4.0717715399199467e-02,
       9.4347915526735315e-01, 2.7487602479808393e-01,
       4.3726123016774598e-01, 8.7895422015881886e-01,
       -1.9037356816846196e-01, -5.1763350961131516e-01,
       -8.3702656192233116e-01, 4.7516475723444851e-01,
       2.7130239239418719e-01, 7.1957923161768000e-01, 0., 0., 0., 1. ]
T2_2: !!opencv-matrix
   rows: 4
   cols: 4
   dt: d
   data: [ 1.7617820013713470e-01, 8.7612438806636617e-01,
       -4.4873967779969615e-01, 4.3637107446746493e-01,
       9.3917095235139458e-01, -1.3072892005066450e-02,
       3.4320113891710580e-01, -3.2343513331916063e-01,
       2.9482056247116550e-01, -4.8190782949642896e-01,
       -8.2513373450261174e-01, 6.8827486397677839e-01, 0., 0., 0., 1. ]
T1_3: !!opencv-matrix
   rows: 4
   cols: 4
   dt: d
   data: [ 4.3314120779867149e-01, 2.6550012908030723e-01,
       8.6133522833159926e-01, 1.6329098409947201e-01,
       3.3945167842723006e-01, 8.3721674272593904e-01,
       -4.2876646756982417e-01, -4.0454290763480294e-01,
       -8.3496182674398012e-01, 4.7809811457242635e-01,
       2.7250860669462629e-01, 7.1717888592323709e-01, 0., 0., 0., 1. ]
T2_3: !!opencv-matrix
   rows: 4
   cols: 4
   dt: d
   data: [ 4.1430352601899212e-01, 8.4051888039020162e-01,
       -3.4911402154000087e-01, 3.5634283892322716e-01,
       8.6062185124706725e-01, -2.3699722346678209e-01,
       4.5073533833626422e-01, -4.1096274856260817e-01,
       2.9611250815239293e-01, -4.8719639548814175e-01,
       -8.2155770018852636e-01, 6.8487327987969304e-01, 0., 0., 0., 1. ]
T1_4: !!opencv-matrix
   rows: 4
   cols: 4
   dt: d
   data: [ 1.0954808167625063e-01, 1.6721685290709651e-01,
       9.7981515700916766e-01, 4.6589993734521301e-01,
       4.8173347308228065e-01, 8.5330981798757832e-01,
       -1.9948738165129534e-01, -5.5619155928581498e-01,
       -8.6944354544336966e-01, 4.9386321854320403e-01,
       1.2924498327225309e-02, 7.6748570843886310e-01, 0., 0., 0., 1. ]
T2_4: !!opencv-matrix
   rows: 4
   cols: 4
   dt: d
   data: [ 1.8554297371276418e-01, 8.5084230543825545e-01,
       -4.9157011319072175e-01, 4.7256305447375235e-01,
       9.8192858319032283e-01, -1.4156084329316121e-01,
       1.2560567327941086e-01, -1.4242639111699684e-01,
       3.7283540868184861e-02, -5.0599199491952784e-01,
       -8.6173199932327371e-01, 7.1605548191058688e-01, 0., 0., 0., 1. ]
T1_5: !!opencv-matrix
   rows: 4
   cols: 4
   dt: d
   data: [ 2.3293216853046639e-01, 3.8114555470350775e-01,
       8.9469026539548857e-01, 3.3754273769130505e-01,
       4.3918350076945989e-01, 7.7960903927063518e-01,
       -4.4646119488640779e-01, -4.9132466507867761e-01,
       -8.6767531802833731e-01, 4.9692837715034199e-01,
       1.4203185105858385e-02, 7.6546571373566519e-01, 0., 0., 0., 1. ]
T2_5: !!opencv-matrix
   rows: 4
   cols: 4
   dt: d
   data: [ 4.3404798193894367e-01, 7.8287120433479385e-01,
       -4.4577463678199547e-01, 4.3736173464717792e-01,
       9.0005881126916365e-01, -3.5559131091363594e-01,
       2.5189076175886599e-01, -2.4579602724281041e-01,
       3.8684436553612339e-02, -5.1055606648644503e-01,
       -8.5897381644752002e-01, 7.1357086638847700e-01, 0., 0., 0., 1. ]
T1_6: !!opencv-matrix
   rows: 4
   cols: 4
   dt: d
   data: [ 3.4108712364137139e-01, 5.6853363947097968e-01,
       7.4861811017095892e-01, 2.3048153707849475e-01,
       3.6608134595253189e-01, 6.5316794835003544e-01,
       -6.6283940694091814e-01, -3.9543637423863975e-01,
       -8.6581985553095187e-01, 5.0014111212545564e-01,
       1.4657616800621720e-02, 7.6335840403168054e-01, 0., 0., 0., 1. ]
T2_6: !!opencv-matrix
   rows: 4
   cols: 4
   dt: d
   data: [ 6.5231616681417426e-01, 6.6195702855741556e-01,
       -3.6918357338362062e-01, 3.7688065709114027e-01,
       7.5695459117652641e-01, -5.4404081042253249e-01,
       3.6199356830138818e-01, -3.3657771488684268e-01,
       3.8773256371371384e-02, -5.1558945774543419e-01,
       -8.5595802797341003e-01, 7.1064776295842080e-01, 0., 0., 0., 1. ]
T1_7: !!opencv-matrix
   rows: 4
   cols: 4
   dt: d
   data: [ 4.2665592120866891e-01, 7.1677260292536882e-01,
       5.5154488538393098e-01, 1.5190095301520329e-01,
       2.6759850834175181e-01, 4.8248328376974992e-01,
       -8.3402692955085578e-01, -2.7513647640229022e-01,
       -8.6391884065046953e-01, 5.0343511655262030e-01,
       1.4047070541502782e-02, 7.6131472304918879e-01, 0., 0., 0., 1. ]
T2_7: !!opencv-matrix
   rows: 4
   cols: 4
   dt: d
   data: [ 8.2568455686273123e-01, 4.9726688650452044e-01,
       -2.6640318343536268e-01, 2.9465068930481364e-01,
       5.6284618500314498e-01, -6.9429227584719833e-01,
       4.4851132396665627e-01, -4.0873435496201399e-01,
       3.8068157110642875e-02, -5.2027288924661241e-01,
       -8.5315118011357227e-01, 7.0795217883776751e-01, 0., 0., 0., 1. ]
T1_8: !!opencv-matrix
   rows: 4
   cols: 4
   dt: d
   data: [ 3.1914107894488897e-02, 4.9687409500964924e-01,
       8.6723562163096202e-01, 5.1711797439302709e-01,
       5.3954115606377262e-01, 7.2183183281325114e-01,
       -4.3342144161408336e-01, -5.8081946857168754e-01,
       -8.4135416480259173e-01, 4.8174156852591055e-01,
       -2.4504740464556818e-01, 7.6166289642206664e-01, 0., 0., 0., 1. ]
T2_8: !!opencv-matrix
   rows: 4
   cols: 4
   dt: d
   data: [ 4.2270165249255731e-01, 7.2473447413174019e-01,
       -5.4413532782300711e-01, 5.1957632260852327e-01,
       8.7854972450338209e-01, -4.7505152672535944e-01,
       4.9763727060347596e-02, -7.8615551017109583e-02,
       -2.2242682966560701e-01, -4.9908515201405790e-01,
       -8.3752033795246561e-01, 6.9378544659618901e-01, 0., 0., 0., 1. ]
T1_9: !!opencv-matrix
   rows: 4
   cols: 4
   dt: d
   data: [ 1.7308045003011696e-01, 6.6549004419797919e-01,
       7.2606209024486590e-01, 3.8067752245018649e-01,
       5.1504636494285383e-01, 5.6720029523296800e-01,
       -6.4265937093205650e-01, -5.2838452804513580e-01,
       -8.3950604511017357e-01, 4.8518741344042060e-01,
       -2.4458694581369089e-01, 7.5964316263457043e-01, 0., 0., 0., 1. ]
