%YAML:1.0
---
frameCount: 39
T1_0: !!opencv-matrix
   rows: 4
   cols: 4
   dt: d
   data: [ 3.9153060711079579e-01, -3.2436399269269967e-01,
       8.6109917195402164e-01, 2.5425601302026485e-01,
       5.1762183503835979e-01, 8.5134356701828884e-01,
       8.5333268940650464e-02, -5.2463294819132367e-01,
       -7.6077028043094097e-01, 4.1231314694177112e-01,
       5.0122494877250556e-01, 6.3660127409657452e-01, 0., 0., 0., 1. ]
T2_0: !!opencv-matrix
   rows: 4
   cols: 4
   dt: d
   data: [ -8.4117428149973894e-01, -3.7573251951016062e-01,
       -3.8890988921078462e-01, 4.2539860575033939e-01,
       -1.2228349973091812e-01, 8.3272183184969661e-01,
       -5.4001953340082454e-01, 5.0101869853622683e-01,
       5.2675665523746029e-01, -4.0669328067160443e-01,
       -7.4641007604373288e-01, 6.2160153669386875e-01, 0., 0., 0., 1. ]
T1_1: !!opencv-matrix
   rows: 4
   cols: 4
   dt: d
   data: [ 5.1677026742178844e-01, -9.5557991146319882e-02,
       8.5077444780440670e-01, 1.1737125041873767e-01,
       3.9883645505226517e-01, 9.0619884261434980e-01,
       -1.4047469439637625e-01, -4.0151955720589411e-01,
       -7.5754734032280491e-01, 4.1191301020056725e-01,
       5.0640862867584668e-01, 6.3327309598408021e-01, 0., 0., 0., 1. ]
T2_1: !!opencv-matrix
   rows: 4
   cols: 4
   dt: d
   data: [ -8.4104868808272881e-01, -1.4907812163080317e-01,
       -5.2001232478216541e-01, 5.3448722244188829e-01,
       1.0039998916011822e-01, 9.0155980472423880e-01,
       -4.2084410496315688e-01, 4.0099901479009903e-01,
       5.3156085865211045e-01, -4.0615961413787055e-01,
       -7.4328824919569869e-01, 6.2118312596796610e-01, 0., 0., 0., 1. ]
T1_2: !!opencv-matrix
   rows: 4
   cols: 4
   dt: d
   data: [ 1.8364192644354715e-01, -2.0430949849916011e-01,
       9.6152653196629190e-01, 4.3026240285504846e-01,
       4.9796548555780873e-01, 8.6269951431049074e-01,
       8.8203872940020106e-02, -5.0744953609168353e-01,
       -8.4752936117002975e-01, 4.6260909722082333e-01,
       2.6016687937409766e-01, 7.3129829263437773e-01, 0., 0., 0., 1. ]
T2_2: !!opencv-matrix
   rows: 4
   cols: 4
   dt: d
   data: [ -9.5034507544356450e-01, -2.5494251748550184e-01,
       -1.7846162152776801e-01, 2.4621511264193241e-01,
       -1.2748285636265105e-01, 8.4207464037823010e-01,
       -5.2407864044005281e-01, 4.8567664146154610e-01,
       2.8388793372347726e-01, -4.7530475782389242e-01,
       -8.3276228797669849e-01, 6.9201149278392338e-01, 0., 0., 0., 1. ]
T1_3: !!opencv-matrix
   rows: 4
   cols: 4
   dt: d
   data: [ 3.1147109643929771e-01, 2.3108607932251279e-02,
       9.4997460404072653e-01, 2.9121982681000835e-01,
       4.3349172294908078e-01, 8.8616679306812507e-01,
       -1.6368671600955328e-01, -4.3041672487718713e-01,
       -8.4561852050291508e-01, 4.6278980877152887e-01,
       2.6599795239751878e-01, 7.2906324402853739e-01, 0., 0., 0., 1. ]
T2_3: !!opencv-matrix
   rows: 4
   cols: 4
   dt: d
   data: [ -9.4984361670303596e-01, -2.9108093231255891e-02,
       -3.1136766485448847e-01, 3.5638324947715710e-01,
       1.2293360761652060e-01, 8.8074773778904580e-01,
       -4.5735188913774660e-01, 4.3079672012422421e-01,
       2.8754900786976106e-01, -4.7269032282025703e-01,
       -8.3299425375280811e-01, 6.9554556485435248e-01, 0., 0., 0., 1. ]
T1_4: !!opencv-matrix
   rows: 4
   cols: 4
   dt: d
   data: [ 4.1814936797340041e-01, 2.4876470418635926e-01,
       8.7365166285798324e-01, 1.7688233942979664e-01,
       3.3848968508846428e-01, 8.4983279551296009e-01,
       -4.0399127807335100e-01, -3.2013839016661844e-01,
       -8.4295660573493236e-01, 4.6465077383094988e-01,
       2.7115275994564658e-01, 7.2606561486716992e-01, 0., 0., 0., 1. ]
T2_4: !!opencv-matrix
   rows: 4
   cols: 4
   dt: d
   data: [ -8.8388146032683346e-01, 1.9549558062436678e-01,
       -4.2489415393347768e-01, 4.4963792901306748e-01,
       3.6366518777138301e-01, 8.5852534855587581e-01,
       -3.6149945655590765e-01, 3.5039982391302926e-01,
       2.9411085545030263e-01, -4.7404187984117352e-01,
       -8.2992957584540705e-01, 6.9369765573179132e-01, 0., 0., 0., 1. ]
T1_5: !!opencv-matrix
   rows: 4
   cols: 4
   dt: d
   data: [ 9.0674271675093787e-02, 1.5025954993447829e-01,
       9.8447968191815893e-01, 4.8350383016927401e-01,
       4.7232759459428619e-01, 8.6380608811820092e-01,
       -1.7534447671571088e-01, -4.6363709095562766e-01,
       -8.7674672502437501e-01, 4.8089615280579956e-01,
       7.3532561232576565e-03, 7.7590552792585399e-01, 0., 0., 0., 1. ]
T2_5: !!opencv-matrix
   rows: 4
   cols: 4
   dt: d
   data: [ -9.9066910382151274e-01, 1.0009066460117029e-01,
       -9.2501813999385202e-02, 1.7042058823322206e-01,
       1.3313726948268109e-01, 8.5584277554274479e-01,
       -4.9980757399822073e-01, 4.6431916095192982e-01,
       2.9140936981792043e-02, -5.0745936035409478e-01,
       -8.6118279324475377e-01, 7.1485514815773843e-01, 0., 0., 0., 1. ]
T1_6: !!opencv-matrix
   rows: 4
   cols: 4
   dt: d
   data: [ 2.1534949504449996e-01, 3.6584803135868665e-01,
       9.0541692768307147e-01, 3.5361626260352613e-01,
       4.3259078221708008e-01, 7.9549686469065306e-01,
       -4.2432293528414844e-01, -4.0192569958302460e-01,
       -8.7549403774377232e-01, 4.8305274682824673e-01,
       1.3047362062581946e-02, 7.7416833995092704e-01, 0., 0., 0., 1. ]
T2_6: !!opencv-matrix
   rows: 4
   cols: 4
   dt: d
   data: [ -9.2252125584515898e-01, 3.1641851181584651e-01,
       -2.2098384079863465e-01, 2.7599066101240954e-01,
       3.8456353650625935e-01, 8.0204510492823977e-01,
       -4.5698417483589948e-01, 4.3010376964949404e-01,
       3.2640755255818429e-02, -5.0655994219923672e-01,
       -8.6158667936281152e-01, 7.1723001961770461e-01, 0., 0., 0., 1. ]
T1_7: !!opencv-matrix
   rows: 4
   cols: 4
   dt: d
   data: [ 1.2115986447592153e-02, 4.8299853688025485e-01,
       8.7553733001165335e-01, 5.3521638776494029e-01,
       5.2852252912058539e-01, 7.4020055547087626e-01,
       -4.1565258797773186e-01, -4.8712599486323538e-01,
       -8.4883280985384957e-01, 4.6777724512008845e-01,
       -2.4630734837490920e-01, 7.7006535259219777e-01, 0., 0., 0., 1. ]
T2_7: !!opencv-matrix
   rows: 4
   cols: 4
   dt: d
   data: [ -8.9828309604014134e-01, 4.3900921198349890e-01,
       -1.8931221887818123e-02, 1.0568386063370158e-01,
       3.7514102107652963e-01, 7.4373960924578775e-01,
       -5.5328167143380214e-01, 5.0899611157862390e-01,
       -2.2881585101167548e-01, -5.0410545070704227e-01,
       -8.3277908288648339e-01, 6.8957224547946683e-01, 0., 0., 0., 1. ]
T1_8: !!opencv-matrix
   rows: 4
   cols: 4
   dt: d
   data: [ 2.5114642980440705e-01, -6.5939282757067963e-01,
       7.0860889759079637e-01, 4.2714521100794411e-01,
       4.6925641326366663e-01, 7.2323350704267497e-01,
       5.0668699697315300e-01, -4.9942185066287886e-01,
       -8.4659546975365918e-01, 2.0526663937205425e-01,
       4.9106182640629281e-01, 7.3626500421881669e-01, 0., 0., 0., 1. ]
T2_8: !!opencv-matrix
   rows: 4
   cols: 4
   dt: d
   data: [ -6.7208523700826928e-01, -7.0024872547459338e-01,
       -2.4073461875423516e-01, 3.0295553113420381e-01,
       -5.3695111264906525e-01, 6.8475308093763376e-01,
       -4.9274407228433448e-01, 4.6034693925697356e-01,
       5.0988718048257520e-01, -2.0190329521240138e-01,
       -8.3621176896878491e-01, 6.9087114008154149e-01, 0., 0., 0., 1. ]
T1_9: !!opencv-matrix
   rows: 4
   cols: 4
   dt: d
   data: [ 3.6906877470293198e-01, -4.5104422589277426e-01,
       8.1261758892363656e-01, 2.9027057319897043e-01,
       3.8825051474809547e-01, 8.6922162777041390e-01,
       3.0612954711035484e-01, -4.2184146382325222e-01,
       -8.4442274799836803e-01, 2.0251634034057606e-01,
       4.9592071398354054e-01, 7.3407829507741773e-01, 0., 0., 0., 1. ]
