%YAML:1.0
---
frameCount: 39
T1_0: !!opencv-matrix
   rows: 4
   cols: 4
   dt: d
   data: [ 5.3258158191062643e-01, -7.6958534625561015e-02,
       8.4287261348193121e-01, 1.0259063955904449e-01,
       3.9627232883250452e-01, 9.0263644157007505e-01,
       -1.6797528315611185e-01, -4.8321869592233913e-01,
       -7.4788040488519159e-01, 4.2346763547879174e-01,
       5.1122408168117728e-01, 6.2284115065659540e-01, 0., 0., 0., 1. ]
T2_0: !!opencv-matrix
   rows: 4
   cols: 4
   dt: d
   data: [ 1.5321990848287526e-01, 8.9931165549411940e-01,
       -4.0958784886386190e-01, 4.0402946929953587e-01,
       8.3234584676066481e-01, 1.0596679391290564e-01,
       5.4403256333430228e-01, -4.9121401429529293e-01,
       5.3265753634466784e-01, -4.2427536445125613e-01,
       -7.3230209892842879e-01, 6.1367575372497130e-01, 0., 0., 0., 1. ]
T1_1: !!opencv-matrix
   rows: 4
   cols: 4
   dt: d
   data: [ 2.0262103632434714e-01, -1.8723439157090946e-01,
       9.6119092705451548e-01, 4.1206324757955914e-01,
       5.0486609292708484e-01, 8.6101869853595514e-01,
       6.1294608115151611e-02, -5.9801145598719563e-01,
       -8.3907981971406487e-01, 4.7285313088158909e-01,
       2.6898879672598086e-01, 7.2180348606663702e-01, 0., 0., 0., 1. ]
T2_1: !!opencv-matrix
   rows: 4
   cols: 4
   dt: d
   data: [ -7.4733170446749764e-02, 8.5125767249867290e-01,
       -5.1939900678295448e-01, 4.9280088398064104e-01,
       9.5336355248329818e-01, 2.1372970257614021e-01,
       2.1311393908691317e-01, -2.1770069858041166e-01,
       2.9242587100221318e-01, -4.7924940192853355e-01,
       -8.2753073702415447e-01, 6.9001892674683674e-01, 0., 0., 0., 1. ]
T1_2: !!opencv-matrix
   rows: 4
   cols: 4
   dt: d
   data: [ 3.2892119303667755e-01, 4.0717715399199467e-02,
       9.4347915526735315e-01, 2.7487602479808393e-01,
       4.3726123016774598e-01, 8.7895422015881886e-01,
       -1.9037356816846196e-01, -5.1763350961131516e-01,
       -8.3702656192233116e-01, 4.7516475723444851e-01,
       2.7130239239418719e-01, 7.1957923161768000e-01, 0., 0., 0., 1. ]
T2_2: !!opencv-matrix
   rows: 4
   cols: 4
   dt: d
   data: [ 1.7617820013713470e-01, 8.7612438806636617e-01,
       -4.4873967779969615e-01, 4.3637107446746493e-01,
       9.3917095235139458e-01, -1.3072892005066450e-02,
       3.4320113891710580e-01, -3.2343513331916063e-01,
       2.9482056247116550e-01, -4.8190782949642896e-01,
       -8.2513373450261174e-01, 6.8827486397677839e-01, 0., 0., 0., 1. ]
T1_3: !!opencv-matrix
   rows: 4
   cols: 4
   dt: d
   data: [ 4.3314120779867149e-01, 2.6550012908030723e-01,
       8.6133522833159926e-01, 1.6329098409947201e-01,
       3.3945167842723006e-01, 8.3721674272593904e-01,
       -4.2876646756982417e-01, -4.0454290763480294e-01,
       -8.3496182674398012e-01, 4.7809811457242635e-01,
       2.7250860669462629e-01, 7.1717888592323709e-01, 0., 0., 0., 1. ]
T2_3: !!opencv-matrix
   rows: 4
   cols: 4
   dt: d
   data: [ 4.1430352601899212e-01, 8.4051888039020162e-01,
       -3.4911402154000087e-01, 3.5634283892322716e-01,
       8.6062185124706725e-01, -2.3699722346678209e-01,
       4.5073533833626422e-01, -4.1096274856260817e-01,
       2.9611250815239293e-01, -4.8719639548814175e-01,
       -8.2155770018852636e-01, 6.8487327987969304e-01, 0., 0., 0., 1. ]
T1_4: !!opencv-matrix
   rows: 4
   cols: 4
   dt: d
   data: [ 1.0954808167625063e-01, 1.6721685290709651e-01,
       9.7981515700916766e-01, 4.6589993734521301e-01,
       4.8173347308228065e-01, 8.5330981798757832e-01,
       -1.9948738165129534e-01, -5.5619155928581498e-01,
       -8.6944354544336966e-01, 4.9386321854320403e-01,
       1.2924498327225309e-02, 7.6748570843886310e-01, 0., 0., 0., 1. ]
T2_4: !!opencv-matrix
   rows: 4
   cols: 4
   dt: d
   data: [ 1.8554297371276418e-01, 8.5084230543825545e-01,
       -4.9157011319072175e-01, 4.7256305447375235e-01,
       9.8192858319032283e-01, -1.4156084329316121e-01,
       1.2560567327941086e-01, -1.4242639111699684e-01,
       3.7283540868184861e-02, -5.0599199491952784e-01,
       -8.6173199932327371e-01, 7.1605548191058688e-01, 0., 0., 0., 1. ]
T1_5: !!opencv-matrix
   rows: 4
   cols: 4
   dt: d
   data: [ 2.3293216853046639e-01, 3.8114555470350775e-01,
       8.9469026539548857e-01, 3.3754273769130505e-01,
       4.3918350076945989e-01, 7.7960903927063518e-01,
       -4.4646119488640779e-01, -4.9132466507867761e-01,
       -8.6767531802833731e-01, 4.9692837715034199e-01,
       1.4203185105858385e-02, 7.6546571373566519e-01, 0., 0., 0., 1. ]
T2_5: !!opencv-matrix
   rows: 4
   cols: 4
   dt: d
   data: [ 4.3404798193894367e-01, 7.8287120433479385e-01,
       -4.4577463678199547e-01, 4.3736173464717792e-01,
       9.0005881126916365e-01, -3.5559131091363594e-01,
       2.5189076175886599e-01, -2.4579602724281041e-01,
       3.8684436553612339e-02, -5.1055606648644503e-01,
       -8.5897381644752002e-01, 7.1357086638847700e-01, 0., 0., 0., 1. ]
T1_6: !!opencv-matrix
   rows: 4
   cols: 4
   dt: d
   data: [ 3.4108712364137139e-01, 5.6853363947097968e-01,
       7.4861811017095892e-01, 2.3048153707849475e-01,
       3.6608134595253189e-01, 6.5316794835003544e-01,
       -6.6283940694091814e-01, -3.9543637423863975e-01,
       -8.6581985553095187e-01, 5.0014111212545564e-01,
       1.4657616800621720e-02, 7.6335840403168054e-01, 0., 0., 0., 1. ]
T2_6: !!opencv-matrix
   rows: 4
   cols: 4
   dt: d
   data: [ 6.5231616681417426e-01, 6.6195702855741556e-01,
       -3.6918357338362062e-01, 3.7688065709114027e-01,
       7.5695459117652641e-01, -5.4404081042253249e-01,
       3.6199356830138818e-01, -3.3657771488684268e-01,
       3.8773256371371384e-02, -5.1558945774543419e-01,
       -8.5595802797341003e-01, 7.1064776295842080e-01, 0., 0., 0., 1. ]
T1_7: !!opencv-matrix
   rows: 4
   cols: 4
   dt: d
   data: [ 4.2665592120866891e-01, 7.1677260292536882e-01,
       5.5154488538393098e-01, 1.5190095301520329e-01,
       2.6759850834175181e-01, 4.8248328376974992e-01,
       -8.3402692955085578e-01, -2.7513647640229022e-01,
       -8.6391884065046953e-01, 5.0343511655262030e-01,
       1.4047070541502782e-02, 7.6131472304918879e-01, 0., 0., 0., 1. ]
T2_7: !!opencv-matrix
   rows: 4
   cols: 4
   dt: d
   data: [ 8.2568455686273123e-01, 4.9726688650452044e-01,
       -2.6640318343536268e-01, 2.9465068930481364e-01,
       5.6284618500314498e-01, -6.9429227584719833e-01,
       4.4851132396665627e-01, -4.0873435496201399e-01,
       3.8068157110642875e-02, -5.2027288924661241e-01,
       -8.5315118011357227e-01, 7.0795217883776751e-01, 0., 0., 0., 1. ]
T1_8: !!opencv-matrix
   rows: 4
   cols: 4
   dt: d
   data: [ 3.1914107894488897e-02, 4.9687409500964924e-01,
       8.6723562163096202e-01, 5.1711797439302709e-01,
       5.3954115606377262e-01, 7.2183183281325114e-01,
       -4.3342144161408336e-01, -5.8081946857168754e-01,
       -8.4135416480259173e-01, 4.8174156852591055e-01,
       -2.4504740464556818e-01, 7.6166289642206664e-01, 0., 0., 0., 1. ]
T2_8: !!opencv-matrix
   rows: 4
   cols: 4
   dt: d
   data: [ 4.2270165249255731e-01, 7.2473447413174019e-01,
       -5.4413532782300711e-01, 5.1957632260852327e-01,
       8.7854972450338209e-01, -4.7505152672535944e-01,
       4.9763727060347596e-02, -7.8615551017109583e-02,
       -2.2242682966560701e-01, -4.9908515201405790e-01,
       -8.3752033795246561e-01, 6.9378544659618901e-01, 0., 0., 0., 1. ]
T1_9: !!opencv-matrix
   rows: 4
   cols: 4
   dt: d
   data: [ 1.7308045003011696e-01, 6.6549004419797919e-01,
       7.2606209024486590e-01, 3.8067752245018649e-01,
       5.1504636494285383e-01, 5.6720029523296800e-01,
       -6.4265937093205650e-01, -5.2838452804513580e-01,
       -8.3950604511017357e-01, 4.8518741344042060e-01,
       -2.4458694581369089e-01, 7.5964316263457043e-01, 0., 0., 0., 1. ]
T2_9: !!opencv-matrix
   rows: 4
   cols: 4
   dt: d
   data: [ 6.3521779326083938e-01, 5.7461325158770615e-01,
       -5.1606004129813521e-01, 4.9898639626010566e-01,
       7.3970992816224335e-01, -6.4478545923313368e-01,
       1.9256410293646639e-01, -1.9680278169865967e-01,
       -2.2209812539289522e-01, -5.0405488060460324e-01,
       -8.3462632359376343e-01, 6.9125563304843984e-01, 0., 0., 0., 1. ]
T1_10: !!opencv-matrix
   rows: 4
   cols: 4
   dt: d
   data: [ 3.0287801609053877e-01, 7.8821425401417333e-01,
       5.3570812681714997e-01, 2.6254441876536805e-01,
       4.5483521568204111e-01, 3.7441305111742806e-01,
       -8.0804690069847396e-01, -4.4237665624276223e-01,
       -8.3749019931252366e-01, 4.8839856359516298e-01,
       -2.4510611810734351e-01, 7.5752890644277637e-01, 0., 0., 0., 1. ]
T2_10: !!opencv-matrix
   rows: 4
   cols: 4
   dt: d
   data: [ 8.0409372242773691e-01, 3.8610210732224032e-01,
       -4.5206022637877685e-01, 4.4870439109416838e-01,
       5.5106865683129447e-01, -7.6937703964223103e-01,
       3.2308250700016333e-01, -3.0551878716252812e-01,
       -2.2306192191958449e-01, -5.0890483746245008e-01,
       -8.3142001743815319e-01, 6.8870815622446213e-01, 0., 0., 0., 1. ]
T1_11: !!opencv-matrix
   rows: 4
   cols: 4
   dt: d
   data: [ 4.7569171580833625e-01, -1.9035653073370440e-01,
       8.5876759528894042e-01, 1.6468852737336087e-01,
       2.7992400089158220e-01, 9.5830679532391483e-01,
       5.7364098187436596e-02, -3.9617869475952439e-01,
       -8.3388245288899721e-01, 2.1310203481674367e-01,
       5.0914396541724116e-01, 7.2230709442356933e-01, 0., 0., 0., 1. ]
T2_11: !!opencv-matrix
   rows: 4
   cols: 4
   dt: d
   data: [ -7.6145463647170342e-02, 9.5196032872958314e-01,
       -2.9660310330645856e-01, 3.0720179569806777e-01,
       8.4521229761772954e-01, 2.1943621813174119e-01,
       4.8730269661453524e-01, -4.4504893707287213e-01,
       5.2897829853569267e-01, -2.1358670065597046e-01,
       -8.2131764925708306e-01, 6.8508261450724772e-01, 0., 0., 0., 1. ]
T1_12: !!opencv-matrix
   rows: 4
   cols: 4
   dt: d
   data: [ 2.4420542804699663e-01, -1.2830176901036061e-01,
       9.6119840042584104e-01, 3.6788946036623799e-01,
       2.6474553824936342e-01, 9.6237455178232378e-01,
       6.1196585352666769e-02, -3.8269978117928771e-01,
       -9.3288450994184602e-01, 2.3952844956410385e-01,
       2.6898441025453224e-01, 8.3050420263268221e-01, 0., 0., 0., 1. ]
T2_12: !!opencv-matrix
   rows: 4
   cols: 4
   dt: d
   data: [ -8.0977837729816704e-02, 9.5660971157053531e-01,
       -2.7989363966610753e-01, 2.9339191884788812e-01,
       9.5315434703474911e-01, 1.5643434384678956e-01,
       2.5889203694587770e-01, -2.5513397891847445e-01,
       2.9144361465876173e-01, -2.4581732199778306e-01,
       -9.2446441991050898e-01, 7.6777068583117936e-01, 0., 0., 0., 1. ]
T1_13: !!opencv-matrix
   rows: 4
   cols: 4
   dt: d
   data: [ 3.0702972434833964e-01, 1.2455845249718293e-01,
       9.4351361425158553e-01, 2.8765818273522520e-01,
       1.9489314873845826e-01, 9.6215859858252051e-01,
       -1.9044025768867578e-01, -2.9854223790389850e-01,
       -9.3153068062270072e-01, 2.4235515898207549e-01,
       2.7113570029301037e-01, 8.2878952976059994e-01, 0., 0., 0., 1. ]
T2_13: !!opencv-matrix
   rows: 4
   cols: 4
   dt: d
   data: [ 1.6951334942415408e-01, 9.6325333120194279e-01,
       -2.0834645256246864e-01, 2.3638039119411539e-01,
       9.4077225361994821e-01, -9.5173407823631484e-02,
       3.2540680580172382e-01, -3.0818843671793444e-01,
       2.9362014778595946e-01, -2.5116735928778072e-01,
       -9.2233517033806889e-01, 7.6567831257613372e-01, 0., 0., 0., 1. ]
T1_14: !!opencv-matrix
   rows: 4
   cols: 4
   dt: d
   data: [ 3.4966993793583367e-01, 3.6851743503911327e-01,
       8.6135116797746503e-01, 2.3203296713606683e-01,
       1.1122602616840480e-01, 8.9655825763193142e-01,
       -4.2873308919977321e-01, -1.9644433939278411e-01,
       -9.3024712071940097e-01, 2.4571974024117055e-01,
       2.7251074042884282e-01, 8.2720660850505945e-01, 0., 0., 0., 1. ]
T2_14: !!opencv-matrix
   rows: 4
   cols: 4
   dt: d
   data: [ 4.0821395805924998e-01, 9.0466128886072672e-01,
       -1.2226739909906326e-01, 1.6805299510033572e-01,
       8.6418291265692038e-01, -3.3979087390607399e-01,
       3.7112000145767948e-01, -3.4452668785984342e-01,
       2.9419255245060572e-01, -2.5715776178640853e-01,
       -9.2050020512523645e-01, 7.6372671760601318e-01, 0., 0., 0., 1. ]
T1_15: !!opencv-matrix
   rows: 4
   cols: 4
   dt: d
   data: [ 3.6911663297706632e-01, 5.8716708434230069e-01,
       7.2040802766531942e-01, 2.0470338689668366e-01,
       1.9327457510583124e-02, 7.7012919931456958e-01,
       -6.3759506408791833e-01, -8.3464677571698787e-02,
       -9.2918209229722593e-01, 2.4927059880391375e-01,
       2.7291905013407902e-01, 8.2581240571347336e-01, 0., 0., 0., 1. ]
T2_15: !!opencv-matrix
   rows: 4
   cols: 4
   dt: d
   data: [ 6.1864008318203523e-01, 7.8513072929996841e-01,
       -2.9226450168029189e-02, 9.3962776272820597e-02,
       7.3010329852826306e-01, -5.6074393540991840e-01,
       3.9053221682615047e-01, -3.6148634883546149e-01,
       2.9023028952656638e-01, -2.6293721077454435e-01,
       -9.2012521008362147e-01, 7.6242117061878467e-01, 0., 0., 0., 1. ]
T1_16: !!opencv-matrix
   rows: 4
   cols: 4
   dt: d
   data: [ 3.6419626488305890e-01, 7.6586444840212620e-01,
       5.2991766088604353e-01, 2.0757600424985526e-01,
       -7.4615189167529128e-02, 5.9116056216492285e-01,
       -8.0309511471951200e-01, 3.2738718717640759e-02,
       -9.2832841935961585e-01, 2.5294433461645144e-01,
       2.7244358938084423e-01, 8.2480803495516186e-01, 0., 0., 0., 1. ]
T2_16: !!opencv-matrix
   rows: 4
   cols: 4
   dt: d
   data: [ 7.8764264037850351e-01, 6.1235007810044839e-01,
       6.8164894982346083e-02, 1.7596331418299915e-02,
       5.4514239711996371e-01, -7.4416940771210260e-01,
       3.8604618828285081e-01, -3.5776941372742777e-01,
       2.8712164307115423e-01, -2.6690686479705478e-01,
       -9.1995754663154283e-01, 7.6282825638997909e-01, 0., 0., 0., 1. ]
T1_17: !!opencv-matrix
   rows: 4
   cols: 4
   dt: d
   data: [ -4.8505856323899366e-03, -6.1447478552907178e-02,
       9.9809853180861496e-01, 5.9205166287776245e-01,
       2.4919342893550173e-01, 9.6654859326863596e-01,
       6.0716157864179485e-02, -3.6855700546577830e-01,
       -9.6844158667128177e-01, 2.4901410447986860e-01,
       1.0623981160524210e-02, 8.8226372149215970e-01, 0., 0., 0., 1. ]
T2_17: !!opencv-matrix
   rows: 4
   cols: 4
   dt: d
   data: [ -8.1769012890156700e-02, 9.6305007332046677e-01,
       -2.5660940124713416e-01, 2.7483527201278435e-01,
       9.9609721500710280e-01, 8.7552585422599472e-02,
       1.1175108093970876e-02, -4.9779513368278135e-02,
       3.3229005192194599e-02, -2.5469413236912569e-01,
       -9.6645058443289034e-01, 8.0107582878320938e-01, 0., 0., 0., 1. ]
T1_18: !!opencv-matrix
   rows: 4
   cols: 4
   dt: d
   data: [ 6.2528408563294446e-02, 1.9016585631960689e-01,
       9.7975871785494839e-01, 5.0768611257017815e-01,
       2.4424611449847758e-01, 9.4891361568773214e-01,
       -1.9976682786396641e-01, -3.4301123749613605e-01,
       -9.6769521734631836e-01, 2.5179336181215267e-01,
       1.2886786736655664e-02, 8.8111669067095755e-01, 0., 0., 0., 1. ]
T2_18: !!opencv-matrix
   rows: 4
   cols: 4
   dt: d
   data: [ 1.7945614616098204e-01, 9.5123161585010663e-01,
       -2.5090616694741452e-01, 2.7252947442544978e-01,
       9.8304915306393559e-01, -1.6366034609118874e-01,
       8.2641719352828574e-02, -1.0726856719500924e-01,
       3.7548026117594696e-02, -2.6148365938335028e-01,
       -9.6447728931798338e-01, 7.9895228798367590e-01, 0., 0., 0., 1. ]
T1_19: !!opencv-matrix
   rows: 4
   cols: 4
   dt: d
   data: [ 1.2641479367932118e-01, 4.2829269906803646e-01,
       8.9475396834215326e-01, 4.3295459590782026e-01,
       2.2247938032513662e-01, 8.6677084015998451e-01,
       -4.4633085931682759e-01, -2.9645956358901954e-01,
       -9.6670689729056858e-01, 2.5548713191347006e-01,
       1.4286362639639338e-02, 8.7981252526727949e-01, 0., 0., 0., 1. ]
T2_19: !!opencv-matrix
   rows: 4
   cols: 4
   dt: d
   data: [ 4.2763914924605750e-01, 8.7493070676681517e-01,
       -2.2720258886867800e-01, 2.5533569859971506e-01,
       9.0308037213420678e-01, -4.0249359108080252e-01,
       1.4981572215499486e-01, -1.6189523017117310e-01,
       3.9630789773241124e-02, -2.6924926647142666e-01,
       -9.6225476512540498e-01, 7.9643219809559251e-01, 0., 0., 0., 1. ]
T1_20: !!opencv-matrix
   rows: 4
   cols: 4
   dt: d
   data: [ 1.8233119552344124e-01, 6.3730550815217957e-01,
       7.4873027481055199e-01, 3.7271200512068631e-01,
       1.8475671268288266e-01, 7.2572338252291946e-01,
       -6.6271451559333383e-01, -2.3219615464161086e-01,
       -9.6572267875286388e-01, 2.5916647417901978e-01,
       1.4575541293828875e-02, 8.7851929884942370e-01, 0., 0., 0., 1. ]
T2_20: !!opencv-matrix
   rows: 4
   cols: 4
   dt: d
   data: [ 6.4686366852261390e-01, 7.3910508411807030e-01,
       -1.8785917325562262e-01, 2.2530051472624835e-01,
       7.6168826096057207e-01, -6.1409620947441557e-01,
       2.0668052308820528e-01, -2.0930618173383531e-01,
       3.7395019191399412e-02, -2.7678424835957527e-01,
       -9.6020419307546234e-01, 7.9401042066636729e-01, 0., 0., 0., 1. ]
T1_21: !!opencv-matrix
   rows: 4
   cols: 4
   dt: d
   data: [ 2.2668748073730538e-01, 8.0266595863414647e-01,
       5.5167032268094718e-01, 3.3116628914151958e-01,
       1.3360683957763547e-01, 5.3543359953179692e-01,
       -8.3394248777148849e-01, -1.5456536793002940e-01,
       -9.6476007302077438e-01, 2.6275124993489557e-01,
       1.4134431810308934e-02, 8.7734339115687465e-01, 0., 0., 0., 1. ]
T2_21: !!opencv-matrix
   rows: 4
   cols: 4
   dt: d
   data: [ 8.2206264479513003e-01, 5.5354127353201177e-01,
       -1.3343562691048635e-01, 1.8385114988712459e-01,
       5.6828275142102180e-01, -7.8295310063698187e-01,
       2.5305959108536069e-01, -2.4785373081021098e-01,
       3.5605090503875919e-02, -2.8386000193668581e-01,
       -9.5820445460805281e-01, 7.9203978043596246e-01, 0., 0., 0., 1. ]
T1_22: !!opencv-matrix
   rows: 4
   cols: 4
   dt: d
   data: [ -5.0664615303153138e-03, 6.8759833399341130e-01,
       7.2607359272806993e-01, 5.4522081471838479e-01,
       3.5049801372230888e-01, 6.8124257035587532e-01,
       -6.4269720919857476e-01, -3.8496007693006895e-01,
       -9.3654977088475011e-01, 2.5123115138136359e-01,
       -2.4445333957898052e-01, 8.7140564742257975e-01, 0., 0., 0., 1. ]
T2_22: !!opencv-matrix
   rows: 4
   cols: 4
   dt: d
   data: [ 6.3145964457565995e-01, 6.9330596491236052e-01,
       -3.4725431068501078e-01, 3.5861360923385149e-01,
       7.4308064676113417e-01, -6.6902194121790726e-01,
       1.5517557091188072e-02, -5.0679024744837084e-02,
       -2.2156233813858331e-01, -2.6783666885989366e-01,
       -9.3764260202520688e-01, 7.7537615518394321e-01, 0., 0., 0., 1. ]
T1_23: !!opencv-matrix
   rows: 4
   cols: 4
   dt: d
   data: [ 8.8435569427623872e-02, 8.3974547416752809e-01,
       5.3573005205529145e-01, 4.5833646136711759e-01,
       3.4257711882434089e-01, 4.7938632610457210e-01,
       -8.0797875467240732e-01, -3.4668377567750980e-01,
       -9.3531816389826683e-01, 2.5498291895559250e-01,
       -2.4528278236121714e-01, 8.7000230694535252e-01, 0., 0., 0., 1. ]
T2_23: !!opencv-matrix
   rows: 4
   cols: 4
   dt: d
   data: [ 8.0139407194674017e-01, 4.9479428461595609e-01,
       -3.3607463064028981e-01, 3.5184538208955740e-01,
       5.5525393082981722e-01, -8.2431824358313888e-01,
       1.1041967937847484e-01, -1.2995270700887257e-01,
       -2.2239742297666015e-01, -2.7509643619536928e-01,
       -9.3534022529021343e-01, 7.7329587492154395e-01, 0., 0., 0., 1. ]
T1_24: !!opencv-matrix
   rows: 4
   cols: 4
   dt: d
   data: [ 3.8409299280208242e-01, 6.6281246021667095e-01,
       6.4276917743608664e-01, 1.8979272730746258e-01,
       -3.3959948616546365e-01, 7.4878536639536430e-01,
       -5.6920353483469599e-01, 2.4882430572857464e-01,
       -8.5857134932193757e-01, 3.4300682789006887e-04,
       5.1269398325884763e-01, 7.6427244397046601e-01, 0., 0., 0., 1. ]
T2_24: !!opencv-matrix
   rows: 4
   cols: 4
   dt: d
   data: [ 5.4524539309346876e-01, 7.7025783514635071e-01,
       3.3077232155367264e-01, -2.0279381805179442e-01,
       6.5746337687782219e-01, -6.3773119987863458e-01,
       4.0129892195939043e-01, -3.7040215140838584e-01,
       5.2004746838606930e-01, -1.3357009453387469e-03,
       -8.5413631612771623e-01, 7.1069266159775113e-01, 0., 0., 0., 1. ]
T1_25: !!opencv-matrix
   rows: 4
   cols: 4
   dt: d
   data: [ 2.6920113853952354e-01, -6.0552230761777272e-02,
       9.6117853407095855e-01, 3.3845040010919902e-01,
       6.5602548603926822e-03, 9.9811365726164625e-01,
       6.1041709051661043e-02, -1.4461241884142331e-01,
       -9.6306163357554164e-01, -1.0126921425261372e-02,
       2.6909057099284561e-01, 8.8124532704193714e-01, 0., 0., 0., 1. ]
T2_25: !!opencv-matrix
   rows: 4
   cols: 4
   dt: d
   data: [ -8.6878143857167967e-02, 9.9587293294850043e-01,
       -2.6254324224494807e-02, 8.3268519574248911e-02,
       9.5412487192898332e-01, 9.0758101345321029e-02,
       2.8532209134010955e-01, -2.7673138421413479e-01,
       2.8652734055659446e-01, -2.6165004120407009e-04,
       -9.5807202999191121e-01, 7.9248511204449223e-01, 0., 0., 0., 1. ]
T1_26: !!opencv-matrix
   rows: 4
   cols: 4
   dt: d
   data: [ 2.6445395751404910e-01, 1.9968334796327952e-01,
       9.4349915998973399e-01, 3.2077487359095525e-01,
       -6.0730592539716355e-02, 9.7983576073438949e-01,
       -1.9035145682614363e-01, -6.1052366261205485e-02,
       -9.6248423336953048e-01, -6.9600669706628010e-03,
       2.7124833268212256e-01, 8.8021513000591778e-01, 0., 0., 0., 1. ]
T2_26: !!opencv-matrix
   rows: 4
   cols: 4
   dt: d
   data: [ 1.6407997848893263e-01, 9.8552297716890835e-01,
       4.2687493850102301e-02, 2.9110526018773661e-02,
       9.4399479998698455e-01, -1.6942995309407416e-01,
       2.8313832059979549e-01, -2.7305239554725974e-01,
       2.8627186074884181e-01, -6.1605573344339637e-03,
       -9.5812862877419769e-01, 7.9260614241991356e-01, 0., 0., 0., 1. ]
T1_27: !!opencv-matrix
   rows: 4
   cols: 4
   dt: d
   data: [ 2.4256784338278792e-01, 4.4629885768432376e-01,
       8.6138154785570542e-01, 3.2527163200704901e-01,
       -1.2467500544738566e-01, 8.9487735769179833e-01,
       -4.2854481411777651e-01, 2.4262754725506264e-02,
       -9.6208990451688958e-01, -3.4415578177608430e-03,
       2.7271078326034226e-01, 8.7953579911314339e-01, 0., 0., 0., 1. ]
T2_27: !!opencv-matrix
   rows: 4
   cols: 4
   dt: d
   data: [ 4.0331574720189145e-01, 9.0856184779972937e-01,
       1.0886586600822674e-01, -2.2499085209726433e-02,
       8.7070407057454957e-01, -4.1763156456263539e-01,
       2.5972735274875269e-01, -2.5378114065630009e-01,
       2.8144418548602085e-01, -9.9621786626458986e-03,
       -9.5952588576463294e-01, 7.9389739255580605e-01, 0., 0., 0., 1. ]
T1_28: !!opencv-matrix
   rows: 4
   cols: 4
   dt: d
   data: [ 2.0455612669016388e-01, 6.6273234252526170e-01,
       7.2037673005483505e-01, 3.5177837429614045e-01,
       -1.8063324212905396e-01, 7.4885629226530126e-01,
       -6.3764087492303401e-01, 1.0545607027737455e-01,
       -9.6204387783066536e-01, 3.0936328945191383e-04,
       2.7289463428746807e-01, 8.7898456507172340e-01, 0., 0., 0., 1. ]
T2_28: !!opencv-matrix
   rows: 4
   cols: 4
   dt: d
   data: [ 6.1622443579247721e-01, 7.6948475514845471e-01,
       1.6781137126656809e-01, -6.8108970326170262e-02,
       7.3726735650814801e-01, -6.3854752383529290e-01,
       2.2066695455211269e-01, -2.2079283856885926e-01,
       2.7695539308655959e-01, -1.2258523481209843e-02,
       -9.6080457890370763e-01, 7.9550173773090171e-01, 0., 0., 0., 1. ]
T1_29: !!opencv-matrix
   rows: 4
   cols: 4
   dt: d
   data: [ 1.5370284743617435e-01, 8.3394919416797286e-01,
       5.3000393983120642e-01, 3.9833496096148452e-01,
       -2.2488245846527533e-01, 5.5182490000049333e-01,
       -8.0306734438281036e-01, 1.7703513057876383e-01,
       -9.6218673580788150e-01, 4.2451485291212787e-03,
       2.7235760343588689e-01, 8.7882556966458258e-01, 0., 0., 0., 1. ]
T2_29: !!opencv-matrix
   rows: 4
   cols: 4
   dt: d
   data: [ 7.8725446714489689e-01, 5.7761890705314067e-01,
       2.1583976041299680e-01, -1.0486553851359302e-01,
       5.5332992064589448e-01, -8.1622758768804760e-01,
       1.6612803500601259e-01, -1.7567751539297627e-01,
       2.7213306098012535e-01, -1.1354440174934852e-02,
       -9.6219263861760096e-01, 7.9762332667157043e-01, 0., 0., 0., 1. ]
T1_30: !!opencv-matrix
   rows: 4
   cols: 4
   dt: d
   data: [ 1.1213105488842467e-02, -6.0720851605486757e-02,
       9.9809180161225675e-01, 5.7694349751507712e-01,
       -9.3891049460041939e-03, 9.9810415807211639e-01,
       6.0827085640071131e-02, -1.2952453922195445e-01,
       -9.9989304976762827e-01, -1.0053249198944840e-02,
       1.0621732765180303e-02, 9.3498862552932949e-01, 0., 0., 0., 1. ]
T2_30: !!opencv-matrix
   rows: 4
   cols: 4
   dt: d
   data: [ -8.8559847726343843e-02, 9.9602389311972483e-01,
       -9.6725232134132668e-03, 6.9857476400626770e-02,
       9.9570042595870933e-01, 8.8787548140312533e-02,
       2.6408957587846192e-02, -6.2855815914513447e-02,
       2.7162752370329481e-02, -7.2921622210999678e-03,
       -9.9960442638766356e-01, 8.2426375799255336e-01, 0., 0., 0., 1. ]
T1_31: !!opencv-matrix
   rows: 4
   cols: 4
   dt: d
   data: [ 1.1329401689393781e-02, 4.4628122771365153e-01,
       8.9482104939912777e-01, 5.3897048720665319e-01,
       -9.4870356905509268e-03, 8.9488617868263765e-01,
       -4.4619359403356806e-01, -8.2087285438283766e-02,
       -9.9989081444484063e-01, -3.4340927742651517e-03,
       1.4372410919924472e-02, 9.3419918726612916e-01, 0., 0., 0., 1. ]
T2_31: !!opencv-matrix
   rows: 4
   cols: 4
   dt: d
   data: [ 4.2170428063030863e-01, 9.0671454032530907e-01,
       -5.8516716190675742e-03, 7.2032906842980984e-02,
       9.0623296824613309e-01, -4.2124836528702048e-01,
       3.5939143100749429e-02, -6.8421506439080210e-02,
       3.0121536512552855e-02, -2.0458668228320522e-02,
       -9.9933684808098944e-01, 8.2376379472792705e-01, 0., 0., 0., 1. ]
T1_32: !!opencv-matrix
   rows: 4
   cols: 4
   dt: d
   data: [ 1.0964610420381327e-02, 6.6271335678584364e-01,
       7.4879288461895011e-01, 5.3054133566374762e-01,
       -9.4221890059997260e-03, 7.4887312842230547e-01,
       -6.6264640637471528e-01, -5.2730583948726609e-02,
       -9.9989549437561942e-01, 2.1039160713687277e-04,
       1.4455312611879489e-02, 9.3367870818264076e-01, 0., 0., 0., 1. ]
T2_32: !!opencv-matrix
   rows: 4
   cols: 4
   dt: d
   data: [ 6.4203147300150221e-01, 7.6667468282751750e-01,
       -2.3491246980058469e-03, 7.2327698561339721e-02,
       7.6621292554899512e-01, -6.4153202238494766e-01,
       3.6802404491136108e-02, -6.8605865598418123e-02,
       2.6708433072185657e-02, -2.5428231672779675e-02,
       -9.9931980098306084e-01, 8.2369615279421093e-01, 0., 0., 0., 1. ]
T1_33: !!opencv-matrix
   rows: 4
   cols: 4
   dt: d
   data: [ 1.1181354732436199e-02, 8.3398522573474632e-01,
       5.5167347277398771e-01, 5.2989223090804438e-01,
       -9.3666158426924939e-03, 5.5177111207654683e-01,
       -8.3394298749103135e-01, -2.2201104158577942e-02,
       -9.9989361624825024e-01, 4.1572988796869104e-03,
       1.3981167763177149e-02, 9.3342754453934462e-01, 0., 0., 0., 1. ]
T2_33: !!opencv-matrix
   rows: 4
   cols: 4
   dt: d
   data: [ 8.1862596634367535e-01, 5.7432495731434285e-01,
       1.5396862544162591e-03, 7.2343727454360879e-02,
       5.7383460158242638e-01, -8.1803213898886407e-01,
       3.9208029892384526e-02, -7.0553952861498709e-02,
       2.3777662934395101e-02, -3.1213186110720097e-02,
       -9.9922988333926255e-01, 8.2392591669588588e-01, 0., 0., 0., 1. ]
T1_34: !!opencv-matrix
   rows: 4
   cols: 4
   dt: d
   data: [ 4.3092495275595755e-01, 3.2209266983835783e-01,
       8.4294720898089126e-01, 1.6162330048735166e-01,
       -3.5781121196286725e-01, 9.1854581801719370e-01,
       -1.6806164582315763e-01, 2.2060937680466103e-01,
       -8.2841705781927255e-01, -2.2919400567973641e-01,
       5.1107268179246002e-01, 7.5681925693149021e-01, 0., 0., 0., 1. ]
T2_34: !!opencv-matrix
   rows: 4
   cols: 4
   dt: d
   data: [ 1.3688394363484724e-01, 9.2908673618694670e-01,
       3.4359950904571851e-01, -2.1867911476923238e-01,
       8.4663812201469268e-01, -2.8980365283801612e-01,
       4.4633813768619079e-01, -4.0896720978650691e-01,
       5.1426323641342131e-01, 2.2980791858251828e-01,
       -8.2626971639432867e-01, 6.8554181089892896e-01, 0., 0., 0., 1. ]
T1_35: !!opencv-matrix
   rows: 4
   cols: 4
   dt: d
   data: [ 3.2592212280946020e-01, 5.4962354714930828e-01,
       7.6921305649500471e-01, 2.4486313646018909e-01,
       -4.5524981644196610e-01, 8.0433583222527139e-01,
       -3.8182649676002889e-01, 3.3778229252236158e-01,
       -8.2856645749929514e-01, -2.2573840040518656e-01,
       5.1236686084247907e-01, 7.5662517919564920e-01, 0., 0., 0., 1. ]
T2_35: !!opencv-matrix
   rows: 4
   cols: 4
   dt: d
   data: [ 3.5289001479075988e-01, 8.2229985251408977e-01,
       4.4642086646603257e-01, -3.0101933530612579e-01,
       7.8226953246756492e-01, -5.2105574330663429e-01,
       3.4140194923308226e-01, -3.2090512104640434e-01,
       5.1334492890643668e-01, 2.2874410357969194e-01,
       -8.2713549013663323e-01, 6.8698569666036646e-01, 0., 0., 0., 1. ]
T1_36: !!opencv-matrix
   rows: 4
   cols: 4
   dt: d
   data: [ 1.9943843639716996e-01, 7.3968107981180453e-01,
       6.4272561039365383e-01, 3.5555600374711149e-01,
       -5.2189712848182346e-01, 6.3531547930780741e-01,
       -5.6920789614543987e-01, 4.2942836570195975e-01,
       -8.2936584048891171e-01, -2.2191471767400600e-01,
       5.1274375735818301e-01, 7.5697317538336417e-01, 0., 0., 0., 1. ]
T2_36: !!opencv-matrix
   rows: 4
   cols: 4
   dt: d
   data: [ 5.4433956913437798e-01, 6.5907120110000594e-01,
       5.1896009996453030e-01, -3.5840480385308576e-01,
       6.6366471482942435e-01, -7.1673102366079200e-01,
       2.1411629086207387e-01, -2.1468465503937295e-01,
       5.1307268468023004e-01, 2.2786353723829708e-01,
       -8.2754735733507889e-01, 6.8728561813410305e-01, 0., 0., 0., 1. ]
T1_37: !!opencv-matrix
   rows: 4
   cols: 4
   dt: d
   data: [ 5.9833039702063662e-02, 8.7945951688369273e-01,
       4.7219801516176818e-01, 4.8620441638779577e-01,
       -5.5366560722571645e-01, 4.2284951999064635e-01,
       -7.1739297377313282e-01, 4.8931342552782198e-01,
       -8.3058678218196458e-01, -2.1851599851356887e-01,
       5.1222685956344371e-01, 7.5787058679470876e-01, 0., 0., 0., 1. ]
T2_37: !!opencv-matrix
   rows: 4
   cols: 4
   dt: d
   data: [ 6.9808986729010836e-01, 4.5067579808939062e-01,
       5.5638283780448328e-01, -3.8654399164337133e-01,
       4.9963900332382005e-01, -8.6320993256483991e-01,
       7.2315134508515261e-02, -9.7320794050726314e-02,
       5.1286587286000884e-01, 2.2750810389499485e-01,
       -8.2777331384724273e-01, 6.8727541005157511e-01, 0., 0., 0., 1. ]
T1_38: !!opencv-matrix
   rows: 4
   cols: 4
   dt: d
   data: [ 2.7573619879708011e-01, 1.1034635938586862e-02,
       9.6117000862627833e-01, 3.2589341385774634e-01,
       -2.5204779820209944e-01, 9.6577645519145905e-01,
       6.1218837127909695e-02, 1.0007705254470364e-01,
       -9.2759983618714104e-01, -2.5914103381657372e-01,
       2.6908078433449412e-01, 8.7047610757690541e-01, 0., 0., 0., 1. ]
T2_38: !!opencv-matrix
   rows: 4
   cols: 4
   dt: d
   data: [ -9.1916523976569797e-02, 9.6812709635360816e-01,
       2.3298342843643682e-01, -1.2993098544959467e-01,
       9.5827070438200557e-01, 2.2398391749234525e-02,
       2.8498345420438503e-01, -2.7781627617232529e-01,
       2.7068174992651362e-01, 2.4945588257842197e-01,
       -9.2978661686633313e-01, 7.6798741162683637e-01, 0., 0., 0., 1. ]
